   2.31404958677686e-01
   3.55371900826446e-01
   4.13223140495868e-01
   4.29752066115702e-01
   4.38016528925620e-01
   4.38016528925620e-01
   4.29752066115702e-01
   4.62809917355372e-01
   4.62809917355372e-01
   4.54545454545455e-01
   4.54545454545455e-01
   4.54545454545455e-01
   4.71074380165289e-01
   4.79338842975207e-01
   4.79338842975207e-01
   4.79338842975207e-01
   4.87603305785124e-01
   4.95867768595041e-01
   4.95867768595041e-01
   4.95867768595041e-01
   4.95867768595041e-01
   5.04132231404959e-01
   4.95867768595041e-01
   5.04132231404959e-01
   5.04132231404959e-01
   5.04132231404959e-01
   5.12396694214876e-01
   5.04132231404959e-01
   5.04132231404959e-01
   5.04132231404959e-01
   5.04132231404959e-01
   5.04132231404959e-01
   5.04132231404959e-01
   5.04132231404959e-01
   5.04132231404959e-01
   5.04132231404959e-01
   5.04132231404959e-01
   5.04132231404959e-01
   5.04132231404959e-01
   5.12396694214876e-01
   5.12396694214876e-01
   5.12396694214876e-01
   5.12396694214876e-01
   5.12396694214876e-01
   5.04132231404959e-01
   5.04132231404959e-01
   5.04132231404959e-01
   5.04132231404959e-01
   5.04132231404959e-01
   5.04132231404959e-01
   5.12396694214876e-01
   5.12396694214876e-01
   5.28925619834711e-01
   5.28925619834711e-01
   5.28925619834711e-01
   5.28925619834711e-01
   5.20661157024793e-01
   5.20661157024793e-01
   5.28925619834711e-01
   5.28925619834711e-01
   5.28925619834711e-01
   5.28925619834711e-01
   5.12396694214876e-01
   5.12396694214876e-01
   5.12396694214876e-01
   5.12396694214876e-01
   5.20661157024793e-01
   5.20661157024793e-01
   5.28925619834711e-01
   5.04132231404959e-01
   5.04132231404959e-01
   5.12396694214876e-01
   5.28925619834711e-01
   5.04132231404959e-01
   5.12396694214876e-01
   5.20661157024793e-01
   5.28925619834711e-01
   5.04132231404959e-01
   5.12396694214876e-01
   5.28925619834711e-01
   5.12396694214876e-01
   5.12396694214876e-01
   5.20661157024793e-01
   5.12396694214876e-01
   5.20661157024793e-01
   5.12396694214876e-01
   5.12396694214876e-01
   4.46280991735537e-01
   5.04132231404959e-01
   4.87603305785124e-01
   5.28925619834711e-01
   5.20661157024793e-01
   5.37190082644628e-01
   5.04132231404959e-01
   5.37190082644628e-01
   5.28925619834711e-01
   5.37190082644628e-01
   5.45454545454545e-01
   5.45454545454545e-01
   5.45454545454545e-01
   5.53719008264463e-01
   5.53719008264463e-01
   5.45454545454545e-01
   5.37190082644628e-01
   5.20661157024793e-01
   5.45454545454545e-01
   5.04132231404959e-01
   5.37190082644628e-01
   5.28925619834711e-01
   5.45454545454545e-01
   5.53719008264463e-01
   5.53719008264463e-01
   5.45454545454545e-01
   5.53719008264463e-01
   5.53719008264463e-01
   5.45454545454545e-01
   5.45454545454545e-01
   5.45454545454545e-01
   5.45454545454545e-01
   5.45454545454545e-01
   5.53719008264463e-01
   5.28925619834711e-01
   5.53719008264463e-01
   5.45454545454545e-01
   5.37190082644628e-01
   5.53719008264463e-01
   5.53719008264463e-01
   5.45454545454545e-01
   5.45454545454545e-01
   5.45454545454545e-01
   5.37190082644628e-01
   5.53719008264463e-01
   5.45454545454545e-01
   5.45454545454545e-01
   5.28925619834711e-01
   5.53719008264463e-01
   5.37190082644628e-01
   5.37190082644628e-01
   5.45454545454545e-01
   5.37190082644628e-01
   5.20661157024793e-01
   5.45454545454545e-01
   5.37190082644628e-01
   5.28925619834711e-01
   5.45454545454545e-01
   5.28925619834711e-01
   5.37190082644628e-01
   5.37190082644628e-01
   5.37190082644628e-01
   5.45454545454545e-01
   5.37190082644628e-01
   5.45454545454545e-01
   5.53719008264463e-01
   5.37190082644628e-01
   5.53719008264463e-01
   5.45454545454545e-01
   5.45454545454545e-01
   5.53719008264463e-01
   5.53719008264463e-01
   5.45454545454545e-01
   5.53719008264463e-01
   5.45454545454545e-01
   5.53719008264463e-01
   5.53719008264463e-01
   5.53719008264463e-01
   5.53719008264463e-01
   5.53719008264463e-01
   5.45454545454545e-01
   5.45454545454545e-01
   5.53719008264463e-01
   5.45454545454545e-01
   5.28925619834711e-01
   5.37190082644628e-01
   5.20661157024793e-01
   5.37190082644628e-01
   5.20661157024793e-01
   5.45454545454545e-01
   5.28925619834711e-01
   5.37190082644628e-01
   5.37190082644628e-01
   5.37190082644628e-01
   5.45454545454545e-01
   5.28925619834711e-01
   5.37190082644628e-01
   5.28925619834711e-01
   5.28925619834711e-01
   5.61983471074380e-01
   5.45454545454545e-01
   5.53719008264463e-01
   5.45454545454545e-01
   5.53719008264463e-01
   5.28925619834711e-01
   5.45454545454545e-01
   5.53719008264463e-01
   5.37190082644628e-01
   5.28925619834711e-01
   5.45454545454545e-01
   5.37190082644628e-01
   5.28925619834711e-01
   5.45454545454545e-01
   5.45454545454545e-01
   5.28925619834711e-01
   5.20661157024793e-01
   5.37190082644628e-01
   5.28925619834711e-01
   5.28925619834711e-01
   5.12396694214876e-01
   5.45454545454545e-01
   5.28925619834711e-01
   5.37190082644628e-01
   5.20661157024793e-01
   5.45454545454545e-01
   5.53719008264463e-01
   5.45454545454545e-01
   5.20661157024793e-01
   5.53719008264463e-01
   5.37190082644628e-01
   5.53719008264463e-01
   5.53719008264463e-01
   5.53719008264463e-01
   5.37190082644628e-01
   5.28925619834711e-01
   5.53719008264463e-01
   5.37190082644628e-01
   5.45454545454545e-01
   5.45454545454545e-01
   5.45454545454545e-01
   5.37190082644628e-01
   5.28925619834711e-01
   5.37190082644628e-01
   5.45454545454545e-01
   5.28925619834711e-01
   5.20661157024793e-01
   5.28925619834711e-01
   5.53719008264463e-01
   5.37190082644628e-01
   5.53719008264463e-01
   5.45454545454545e-01
   5.53719008264463e-01
   5.45454545454545e-01
   5.53719008264463e-01
   5.45454545454545e-01
   5.53719008264463e-01
   5.45454545454545e-01
   5.53719008264463e-01
   5.37190082644628e-01
   5.53719008264463e-01
   5.37190082644628e-01
   5.53719008264463e-01
   5.37190082644628e-01
   5.53719008264463e-01
   5.37190082644628e-01
   5.53719008264463e-01
   5.37190082644628e-01
   5.53719008264463e-01
   5.45454545454545e-01
   5.53719008264463e-01
   5.45454545454545e-01
   5.53719008264463e-01
   5.53719008264463e-01
   5.45454545454545e-01
   5.53719008264463e-01
   5.45454545454545e-01
   5.37190082644628e-01
   5.45454545454545e-01
   5.61983471074380e-01
   5.45454545454545e-01
   5.45454545454545e-01
   5.45454545454545e-01
   5.28925619834711e-01
   5.28925619834711e-01
   5.61983471074380e-01
   5.37190082644628e-01
   5.45454545454545e-01
   5.37190082644628e-01
   5.45454545454545e-01
   5.53719008264463e-01
   5.37190082644628e-01
   5.61983471074380e-01
   5.37190082644628e-01
   5.61983471074380e-01
   5.45454545454545e-01
   5.61983471074380e-01
   5.53719008264463e-01
   5.45454545454545e-01
   5.61983471074380e-01
   5.61983471074380e-01
   5.45454545454545e-01
   5.53719008264463e-01
   5.53719008264463e-01
   5.53719008264463e-01
   5.53719008264463e-01
   5.53719008264463e-01
   5.53719008264463e-01
   5.53719008264463e-01
   5.61983471074380e-01
   5.61983471074380e-01
   5.61983471074380e-01
   5.61983471074380e-01
   5.61983471074380e-01
   5.61983471074380e-01
   5.61983471074380e-01
   5.61983471074380e-01
   5.61983471074380e-01
   5.61983471074380e-01
   5.61983471074380e-01
   5.61983471074380e-01
   5.61983471074380e-01
   5.61983471074380e-01
   5.61983471074380e-01
   5.61983471074380e-01
   5.53719008264463e-01
   5.53719008264463e-01
   5.53719008264463e-01
   5.53719008264463e-01
   5.53719008264463e-01
   5.53719008264463e-01
   5.53719008264463e-01
   5.53719008264463e-01
   5.53719008264463e-01
   5.53719008264463e-01
   5.61983471074380e-01
   5.61983471074380e-01
   5.61983471074380e-01
   5.61983471074380e-01
   5.61983471074380e-01
   5.61983471074380e-01
   5.61983471074380e-01
   5.61983471074380e-01
   5.61983471074380e-01
   5.61983471074380e-01
   5.61983471074380e-01
   5.61983471074380e-01
   5.61983471074380e-01
   5.61983471074380e-01
   5.61983471074380e-01
   5.61983471074380e-01
   5.61983471074380e-01
   5.61983471074380e-01
   5.61983471074380e-01
   5.61983471074380e-01
   5.61983471074380e-01
   5.61983471074380e-01
   5.61983471074380e-01
   5.28925619834711e-01
   5.53719008264463e-01
   5.61983471074380e-01
   5.20661157024793e-01
   5.37190082644628e-01
   5.28925619834711e-01
   5.45454545454545e-01
   5.45454545454545e-01
   5.28925619834711e-01
   5.45454545454545e-01
   5.37190082644628e-01
   5.61983471074380e-01
   5.61983471074380e-01
   5.45454545454545e-01
   5.45454545454545e-01
   5.28925619834711e-01
   5.45454545454545e-01
   5.53719008264463e-01
   5.53719008264463e-01
   5.61983471074380e-01
   5.61983471074380e-01
   5.53719008264463e-01
   5.53719008264463e-01
   5.53719008264463e-01
   5.45454545454545e-01
   5.61983471074380e-01
   5.53719008264463e-01
   5.45454545454545e-01
   5.37190082644628e-01
   5.45454545454545e-01
   5.61983471074380e-01
   5.61983471074380e-01
   5.45454545454545e-01
   5.61983471074380e-01
   5.61983471074380e-01
   5.61983471074380e-01
   5.53719008264463e-01
   5.53719008264463e-01
   5.53719008264463e-01
   5.53719008264463e-01
   5.53719008264463e-01
   5.53719008264463e-01
   5.53719008264463e-01
   5.53719008264463e-01
   5.45454545454545e-01
   5.45454545454545e-01
   5.53719008264463e-01
   5.37190082644628e-01
   5.37190082644628e-01
   5.28925619834711e-01
   5.37190082644628e-01
   5.37190082644628e-01
   5.61983471074380e-01
   5.61983471074380e-01
   5.61983471074380e-01
   5.61983471074380e-01
   5.45454545454545e-01
   5.61983471074380e-01
   5.61983471074380e-01
   5.61983471074380e-01
   5.61983471074380e-01
   5.61983471074380e-01
   5.45454545454545e-01
   5.45454545454545e-01
   5.37190082644628e-01
   5.53719008264463e-01
   5.61983471074380e-01
   5.53719008264463e-01
   5.61983471074380e-01
   5.70247933884298e-01
   5.70247933884298e-01
   5.70247933884298e-01
   5.70247933884298e-01
   5.53719008264463e-01
   5.70247933884298e-01
   5.61983471074380e-01
   5.45454545454545e-01
   5.70247933884298e-01
   5.61983471074380e-01
   5.61983471074380e-01
   5.53719008264463e-01
   5.53719008264463e-01
   5.53719008264463e-01
   5.61983471074380e-01
   5.45454545454545e-01
   5.53719008264463e-01
   5.53719008264463e-01
   5.20661157024793e-01
   5.53719008264463e-01
   5.53719008264463e-01
   5.45454545454545e-01
   5.53719008264463e-01
   5.53719008264463e-01
   5.45454545454545e-01
   5.53719008264463e-01
   5.45454545454545e-01
   5.53719008264463e-01
   5.53719008264463e-01
   5.45454545454545e-01
   5.45454545454545e-01
   5.53719008264463e-01
   5.37190082644628e-01
   5.61983471074380e-01
   5.53719008264463e-01
   5.53719008264463e-01
   5.28925619834711e-01
   5.61983471074380e-01
   5.45454545454545e-01
   5.37190082644628e-01
   5.53719008264463e-01
   5.53719008264463e-01
   5.45454545454545e-01
   5.53719008264463e-01
   5.53719008264463e-01
   5.61983471074380e-01
   5.53719008264463e-01
   5.45454545454545e-01
   5.20661157024793e-01
   5.45454545454545e-01
   5.61983471074380e-01
   5.70247933884298e-01
   5.45454545454545e-01
   5.53719008264463e-01
   5.53719008264463e-01
   5.61983471074380e-01
   5.45454545454545e-01
   5.61983471074380e-01
   5.61983471074380e-01
   5.70247933884298e-01
   5.53719008264463e-01
   5.70247933884298e-01
   5.70247933884298e-01
   5.78512396694215e-01
   5.70247933884298e-01
   5.86776859504132e-01
   5.61983471074380e-01
   5.86776859504132e-01
   5.78512396694215e-01
   5.70247933884298e-01
   5.61983471074380e-01
   5.53719008264463e-01
   5.78512396694215e-01
   5.61983471074380e-01
   5.78512396694215e-01
   5.78512396694215e-01
   5.78512396694215e-01
   5.78512396694215e-01
   5.78512396694215e-01
   5.86776859504132e-01
   5.70247933884298e-01
   5.78512396694215e-01
   5.78512396694215e-01
   5.86776859504132e-01
   5.61983471074380e-01
   5.61983471074380e-01
   5.78512396694215e-01
   5.78512396694215e-01
   5.86776859504132e-01
   5.86776859504132e-01
   5.78512396694215e-01
   5.86776859504132e-01
   5.78512396694215e-01
   5.86776859504132e-01
   5.78512396694215e-01
   5.86776859504132e-01
   5.86776859504132e-01
   5.86776859504132e-01
   5.78512396694215e-01
   5.61983471074380e-01
   5.70247933884298e-01
   5.86776859504132e-01
   5.86776859504132e-01
   5.86776859504132e-01
   5.70247933884298e-01
   5.70247933884298e-01
   5.86776859504132e-01
   5.78512396694215e-01
   5.86776859504132e-01
   5.86776859504132e-01
   5.45454545454545e-01
   5.78512396694215e-01
   5.78512396694215e-01
   5.70247933884298e-01
   5.37190082644628e-01
   5.70247933884298e-01
   5.78512396694215e-01
   5.78512396694215e-01
   5.70247933884298e-01
   5.86776859504132e-01
   5.78512396694215e-01
   5.78512396694215e-01
   5.78512396694215e-01
   5.78512396694215e-01
   5.70247933884298e-01
   5.78512396694215e-01
   5.78512396694215e-01
   5.78512396694215e-01
   5.78512396694215e-01
   5.78512396694215e-01
   5.78512396694215e-01
   5.78512396694215e-01
   5.78512396694215e-01
   5.78512396694215e-01
   5.78512396694215e-01
   5.78512396694215e-01
   5.78512396694215e-01
   5.78512396694215e-01
   5.78512396694215e-01
   5.78512396694215e-01
   5.78512396694215e-01
   5.53719008264463e-01
   5.61983471074380e-01
   5.37190082644628e-01
   5.61983471074380e-01
   5.45454545454545e-01
   5.61983471074380e-01
   5.53719008264463e-01
   5.70247933884298e-01
   5.61983471074380e-01
   5.61983471074380e-01
   5.70247933884298e-01
   5.53719008264463e-01
   5.61983471074380e-01
   5.61983471074380e-01
   5.70247933884298e-01
   5.78512396694215e-01
   5.61983471074380e-01
   5.70247933884298e-01
   5.70247933884298e-01
   5.61983471074380e-01
   5.70247933884298e-01
   5.70247933884298e-01
   5.70247933884298e-01
   5.53719008264463e-01
   5.78512396694215e-01
   5.70247933884298e-01
   5.61983471074380e-01
   5.61983471074380e-01
   5.70247933884298e-01
   5.61983471074380e-01
   5.61983471074380e-01
   5.70247933884298e-01
   5.61983471074380e-01
   5.70247933884298e-01
   5.61983471074380e-01
   5.53719008264463e-01
   5.53719008264463e-01
   5.61983471074380e-01
   5.70247933884298e-01
   5.70247933884298e-01
   5.70247933884298e-01
   5.70247933884298e-01
   5.70247933884298e-01
   5.61983471074380e-01
   5.70247933884298e-01
   5.70247933884298e-01
   5.53719008264463e-01
   5.70247933884298e-01
   5.53719008264463e-01
   5.61983471074380e-01
   5.70247933884298e-01
   5.70247933884298e-01
   5.70247933884298e-01
   5.70247933884298e-01
   5.45454545454545e-01
   5.70247933884298e-01
   5.78512396694215e-01
   5.78512396694215e-01
   5.78512396694215e-01
   5.78512396694215e-01
   5.78512396694215e-01
   5.78512396694215e-01
   5.61983471074380e-01
   5.78512396694215e-01
   5.78512396694215e-01
   5.78512396694215e-01
   5.70247933884298e-01
   5.61983471074380e-01
   5.70247933884298e-01
   5.37190082644628e-01
   5.61983471074380e-01
   5.20661157024793e-01
   5.53719008264463e-01
   5.37190082644628e-01
   5.28925619834711e-01
   5.78512396694215e-01
   5.45454545454545e-01
   5.61983471074380e-01
   5.45454545454545e-01
   5.61983471074380e-01
   5.78512396694215e-01
   5.61983471074380e-01
   5.86776859504132e-01
   5.53719008264463e-01
   5.45454545454545e-01
   5.61983471074380e-01
   5.70247933884298e-01
   5.86776859504132e-01
   5.53719008264463e-01
   5.61983471074380e-01
   5.78512396694215e-01
   5.61983471074380e-01
   5.70247933884298e-01
   5.78512396694215e-01
   5.86776859504132e-01
   5.86776859504132e-01
   5.70247933884298e-01
   5.78512396694215e-01
   5.78512396694215e-01
   5.86776859504132e-01
   5.70247933884298e-01
   5.95041322314050e-01
   5.86776859504132e-01
   5.86776859504132e-01
   5.95041322314050e-01
   5.86776859504132e-01
   5.70247933884298e-01
   5.78512396694215e-01
   5.70247933884298e-01
   5.70247933884298e-01
   5.53719008264463e-01
   5.95041322314050e-01
   6.03305785123967e-01
   5.95041322314050e-01
   6.03305785123967e-01
   5.86776859504132e-01
   5.95041322314050e-01
   6.03305785123967e-01
   6.03305785123967e-01
   6.03305785123967e-01
   6.03305785123967e-01
   6.03305785123967e-01
   6.19834710743802e-01
   6.19834710743802e-01
   5.78512396694215e-01
   5.70247933884298e-01
   5.86776859504132e-01
   5.86776859504132e-01
   5.95041322314050e-01
   5.86776859504132e-01
   5.86776859504132e-01
   5.70247933884298e-01
   5.95041322314050e-01
   6.03305785123967e-01
   5.86776859504132e-01
   6.28099173553719e-01
   5.61983471074380e-01
   5.95041322314050e-01
   5.70247933884298e-01
   6.03305785123967e-01
   5.61983471074380e-01
   6.03305785123967e-01
   6.11570247933884e-01
   6.11570247933884e-01
   6.19834710743802e-01
   6.11570247933884e-01
   6.11570247933884e-01
   6.11570247933884e-01
   6.11570247933884e-01
   6.11570247933884e-01
   6.11570247933884e-01
   6.11570247933884e-01
   6.11570247933884e-01
   6.11570247933884e-01
   6.11570247933884e-01
   6.03305785123967e-01
   6.03305785123967e-01
   6.19834710743802e-01
   6.19834710743802e-01
   6.19834710743802e-01
   5.95041322314050e-01
   6.19834710743802e-01
   6.19834710743802e-01
   6.03305785123967e-01
   5.86776859504132e-01
   6.11570247933884e-01
   5.95041322314050e-01
   5.78512396694215e-01
   5.95041322314050e-01
   6.28099173553719e-01
   5.70247933884298e-01
   6.03305785123967e-01
   5.86776859504132e-01
   6.19834710743802e-01
   5.95041322314050e-01
   6.03305785123967e-01
   6.19834710743802e-01
   6.03305785123967e-01
   6.11570247933884e-01
   6.19834710743802e-01
   6.11570247933884e-01
   5.86776859504132e-01
   6.28099173553719e-01
   6.19834710743802e-01
   6.36363636363636e-01
   6.11570247933884e-01
   6.19834710743802e-01
   6.28099173553719e-01
   6.28099173553719e-01
   6.19834710743802e-01
   6.03305785123967e-01
   6.11570247933884e-01
   5.70247933884298e-01
   6.11570247933884e-01
   6.11570247933884e-01
   5.95041322314050e-01
   5.95041322314050e-01
   5.95041322314050e-01
   6.28099173553719e-01
   6.03305785123967e-01
   6.11570247933884e-01
   6.11570247933884e-01
   6.36363636363636e-01
   6.19834710743802e-01
   6.03305785123967e-01
   6.19834710743802e-01
   6.28099173553719e-01
   5.95041322314050e-01
   6.03305785123967e-01
   6.28099173553719e-01
   6.11570247933884e-01
   6.19834710743802e-01
   6.11570247933884e-01
   5.86776859504132e-01
   5.86776859504132e-01
   6.44628099173554e-01
   6.11570247933884e-01
   6.11570247933884e-01
   6.36363636363636e-01
   6.28099173553719e-01
   6.19834710743802e-01
   6.28099173553719e-01
   6.19834710743802e-01
   6.28099173553719e-01
   6.28099173553719e-01
   6.28099173553719e-01
   6.28099173553719e-01
   6.28099173553719e-01
   6.28099173553719e-01
   6.36363636363636e-01
   6.36363636363636e-01
   6.36363636363636e-01
   6.44628099173554e-01
   6.28099173553719e-01
   6.52892561983471e-01
   6.03305785123967e-01
   6.03305785123967e-01
   6.28099173553719e-01
   6.03305785123967e-01
   6.19834710743802e-01
   6.03305785123967e-01
   6.28099173553719e-01
   6.03305785123967e-01
   6.11570247933884e-01
   6.52892561983471e-01
   6.19834710743802e-01
   6.19834710743802e-01
   6.36363636363636e-01
   6.36363636363636e-01
   6.03305785123967e-01
   6.19834710743802e-01
   6.03305785123967e-01
   6.11570247933884e-01
   6.19834710743802e-01
   5.95041322314050e-01
   6.03305785123967e-01
   6.11570247933884e-01
   6.36363636363636e-01
   6.36363636363636e-01
   6.52892561983471e-01
   6.03305785123967e-01
   6.11570247933884e-01
   6.44628099173554e-01
   6.44628099173554e-01
   6.36363636363636e-01
   6.11570247933884e-01
   6.52892561983471e-01
   6.36363636363636e-01
   6.19834710743802e-01
   6.61157024793388e-01
   6.52892561983471e-01
   6.11570247933884e-01
   6.11570247933884e-01
   6.19834710743802e-01
   6.52892561983471e-01
   6.36363636363636e-01
   6.44628099173554e-01
   6.36363636363636e-01
   5.86776859504132e-01
   6.28099173553719e-01
   6.36363636363636e-01
   6.52892561983471e-01
   6.36363636363636e-01
   5.95041322314050e-01
   6.19834710743802e-01
   6.28099173553719e-01
   6.44628099173554e-01
   6.44628099173554e-01
   6.36363636363636e-01
   6.44628099173554e-01
   6.36363636363636e-01
   6.44628099173554e-01
   6.44628099173554e-01
   6.69421487603306e-01
   6.61157024793388e-01
   6.69421487603306e-01
   6.69421487603306e-01
   6.69421487603306e-01
   6.11570247933884e-01
   6.11570247933884e-01
   6.19834710743802e-01
   6.36363636363636e-01
   6.44628099173554e-01
   6.52892561983471e-01
   6.36363636363636e-01
   6.19834710743802e-01
   6.36363636363636e-01
   6.52892561983471e-01
   6.44628099173554e-01
   6.61157024793388e-01
   6.61157024793388e-01
   6.61157024793388e-01
   6.36363636363636e-01
   6.52892561983471e-01
   6.69421487603306e-01
   6.61157024793388e-01
   6.61157024793388e-01
   6.77685950413223e-01
   6.69421487603306e-01
   6.44628099173554e-01
   6.61157024793388e-01
   6.69421487603306e-01
   6.28099173553719e-01
   6.52892561983471e-01
   6.69421487603306e-01
   6.69421487603306e-01
   6.61157024793388e-01
   6.77685950413223e-01
   6.19834710743802e-01
   6.44628099173554e-01
   6.69421487603306e-01
   6.52892561983471e-01
   6.61157024793388e-01
   6.69421487603306e-01
   6.85950413223141e-01
   6.77685950413223e-01
   6.69421487603306e-01
   6.69421487603306e-01
   6.77685950413223e-01
   6.69421487603306e-01
   6.69421487603306e-01
   6.77685950413223e-01
   6.61157024793388e-01
   6.85950413223141e-01
   6.69421487603306e-01
   6.28099173553719e-01
   6.85950413223141e-01
   6.85950413223141e-01
   6.52892561983471e-01
   6.61157024793388e-01
   6.61157024793388e-01
   6.77685950413223e-01
   6.85950413223141e-01
   6.77685950413223e-01
   6.61157024793388e-01
   6.28099173553719e-01
   6.69421487603306e-01
   6.61157024793388e-01
   6.69421487603306e-01
   6.69421487603306e-01
   6.94214876033058e-01
   6.69421487603306e-01
   6.85950413223141e-01
   6.77685950413223e-01
   6.77685950413223e-01
   6.69421487603306e-01
   6.77685950413223e-01
   6.85950413223141e-01
   6.52892561983471e-01
   6.69421487603306e-01
   6.85950413223141e-01
   6.85950413223141e-01
   6.85950413223141e-01
   6.69421487603306e-01
   6.85950413223141e-01
   6.61157024793388e-01
   6.94214876033058e-01
   6.94214876033058e-01
   6.94214876033058e-01
   6.85950413223141e-01
   6.77685950413223e-01
   6.94214876033058e-01
   6.77685950413223e-01
   6.94214876033058e-01
   6.77685950413223e-01
   6.85950413223141e-01
   6.77685950413223e-01
   6.85950413223141e-01
   6.85950413223141e-01
   6.85950413223141e-01
   7.02479338842975e-01
   6.94214876033058e-01
   6.94214876033058e-01
   7.02479338842975e-01
   6.85950413223141e-01
   7.02479338842975e-01
   6.94214876033058e-01
   7.02479338842975e-01
   6.85950413223141e-01
   7.02479338842975e-01
   6.94214876033058e-01
   6.85950413223141e-01
   7.02479338842975e-01
   6.94214876033058e-01
   7.02479338842975e-01
   7.02479338842975e-01
   6.94214876033058e-01
   7.02479338842975e-01
   6.77685950413223e-01
   6.69421487603306e-01
   6.85950413223141e-01
   6.94214876033058e-01
   6.85950413223141e-01
   7.02479338842975e-01
   7.02479338842975e-01
   7.02479338842975e-01
   6.94214876033058e-01
   6.85950413223141e-01
   6.77685950413223e-01
   6.94214876033058e-01
   6.85950413223141e-01
   6.85950413223141e-01
   7.02479338842975e-01
   7.10743801652893e-01
   7.02479338842975e-01
   6.85950413223141e-01
   7.02479338842975e-01
   7.02479338842975e-01
   6.94214876033058e-01
   7.10743801652893e-01
   7.02479338842975e-01
   7.10743801652893e-01
   7.02479338842975e-01
   6.94214876033058e-01
   7.02479338842975e-01
   7.02479338842975e-01
   6.85950413223141e-01
   6.94214876033058e-01
   6.85950413223141e-01
   7.02479338842975e-01
   7.10743801652893e-01
   7.02479338842975e-01
   7.02479338842975e-01
   6.85950413223141e-01
   6.94214876033058e-01
   7.02479338842975e-01
   6.85950413223141e-01
