  -2.53249854342209e-02  -3.77619085247678e-02   8.21755522953376e-05  -1.09021279167494e-02  -7.53182847855062e-03   2.40322793522144e-02   3.83949871323219e-02   2.10971547312058e-02   3.33470765270611e-03   2.26224334638031e-03
   2.88949062782149e-02   4.02451317935599e-02  -1.49280504023015e-03  -1.38924732972402e-03   2.12005172690869e-02  -9.51374193291982e-03  -2.67689469986973e-02  -1.89602879330194e-02  -1.63172995630797e-02  -2.46089073990959e-02
  -2.60128318733526e-02  -3.80987752360774e-02  -9.08387155853007e-03  -1.92913810323547e-02  -2.25638752942902e-02   2.69317606736509e-02   3.25339080408865e-02   2.34502844644544e-02   2.38761132034581e-02   9.14727225125904e-03
   3.38918235461676e-02   5.61118051609206e-02   1.09910895371290e-02  -3.51190036524987e-02   1.01572663240258e-01   1.84010313987159e-01  -3.64392829581895e-02  -1.61444747152216e-01  -8.89709219385403e-02  -6.46108339312780e-02
   6.73020756710415e-04  -1.45067869167351e-05   2.64678018653554e-02   2.30523087580186e-02   5.03356290420831e-02   1.08946409256228e-01   1.41762511458526e-01  -2.15218736548855e-01  -9.90785686700143e-02  -1.93213454450425e-02
  -3.98331254296603e-02  -9.90160884244279e-03  -1.48378423674368e-01  -7.74007907147427e-02  -6.43934047580623e-02  -6.60285065656931e-02   1.46544169170467e-01   8.23466483706823e-02   2.44052167597041e-01  -3.23851312547291e-02
  -2.94359226235075e-02  -2.78631885377016e-02  -1.28431314423171e-02   4.37319426260066e-02  -1.46306948871703e-02  -8.78151151095720e-03   1.50930001812765e-02  -3.41174298941712e-02   4.68141266614782e-03   5.41571464682756e-02
  -2.20204133873581e-02  -3.28778119791128e-02   2.80772826855103e-03  -1.52873168168047e-02  -6.49001613877022e-03   1.98908973663597e-02   2.90071276962355e-02   2.11563261938308e-02  -7.93198703586651e-03   1.73935025212995e-03
   9.40487337230842e-03   5.80260058208622e-03   1.10788951564795e-02  -2.21325144127206e-02   6.87187950018513e-03   8.33281186134807e-03   1.13114592522327e-02   2.60675027098490e-02  -7.03582686976758e-03  -3.97807939211442e-02
   2.73792024864108e-03   1.21164237087217e-02  -7.51508280762236e-02  -1.02987639607071e-02   1.14117410742546e-01  -2.07678307611867e-01  -3.17097751639713e-01   2.84619722469584e-01   1.69083225250684e-01   3.92758700651086e-02
   7.61512611807012e-02   3.06650793317326e-03   1.41482012184804e-01   7.17936099345427e-02   1.28168501193286e-01   1.48352847647136e-01  -3.47622166082754e-01  -1.31836019761421e-01  -5.89542416477109e-02  -2.73764845982650e-02
  -3.07402087660260e-02  -3.50822255133875e-02  -4.49511735185089e-02   7.16791503904910e-03   1.42105285215188e-02   2.66933598238019e-02   5.43841487450786e-03   2.31569993349707e-02   3.63911986678285e-02   5.11188680910796e-02
   1.85809439311398e-02   2.72481135989606e-02  -2.40464137206602e-03  -1.39353609104508e-02   1.12724635944488e-02   1.99723658084799e-03  -8.66331965370476e-03  -7.29386339232382e-03  -8.09015330191448e-03  -1.92101078347527e-02
  -1.22788082614263e-02  -4.06049491736572e-02   6.37872707303396e-03  -2.72216279851601e-02  -2.23750524624901e-02   3.27530827221576e-02   5.08119594440645e-02   3.38663230010382e-02  -3.33288416536514e-03  -8.34896166280651e-03
  -2.21436079770841e-02  -2.99641067471494e-02  -3.27389720718454e-03   1.26226666814931e-02   5.87501470458710e-04   4.36490607749093e-03   8.84734312049045e-03   9.28327810847847e-03   1.12781070618035e-02   1.76015678543356e-02
  -1.92997029291566e-02  -3.49651025938676e-02  -4.79202807436958e-02  -8.36756910886515e-02  -5.28694429255392e-02   3.28771817623336e-02   2.52251660024001e-02   6.97988389503400e-02   8.13798333446083e-02   2.50923457048035e-02
   2.58526566593051e-02   2.63186717410296e-02   2.22868044326606e-02  -4.15969199798096e-02   1.80141761414711e-02   1.95603936401971e-02   4.61368552663599e-03   2.94066403644309e-02  -2.48039043142900e-02  -5.88334548268013e-02
  -3.48712755642839e-02  -4.25518133205109e-02  -5.37681408755649e-04   1.01405808702352e-02   2.16383843380864e-02   1.72113123985681e-02   2.67687178581020e-02   1.55762987160207e-02   6.58087945961812e-03   1.31223964627915e-02
   2.34168053574341e-02   4.34624362249652e-02   3.92172240950048e-02   1.03525902901579e-02   9.35840786634270e-02   1.82664768493679e-01   1.77173333486332e-01  -3.14667664266195e-01  -3.33984656208879e-01  -5.75596916023324e-02
  -2.07244347768115e-02  -3.26711469862059e-02   2.96007650383014e-03  -3.59310997902704e-03  -3.46559839561330e-02   2.65156347350039e-03   3.36278378513676e-02   1.87053565983995e-02   6.58798192944949e-03   1.65004600568980e-02
   3.16296061129435e-02  -3.35407922818494e-03   6.23766739313847e-02  -8.47741282402602e-02  -3.96238968633610e-04   4.18759136559738e-02   1.08355127140050e-01   1.00466613717091e-01  -1.38006651475646e-01  -1.26839621582947e-01
  -3.95628453709260e-02  -4.66909007614614e-02  -3.21761354149661e-03   1.39892613965905e-02   1.50470229676428e-02   2.52846170558870e-02   3.12349000276172e-02   9.47651013993492e-03   1.81034397986138e-02   3.78126637440073e-02
  -2.19086451818161e-02  -4.84819720240473e-02   1.29666856678839e-02  -1.00881113762072e-01  -6.71452327229095e-02   5.78246402110545e-02   8.30867331705662e-02   8.73270785940522e-02   1.69435791912497e-02  -1.67229971937336e-02
   2.00254035224131e-02   2.64008582469127e-02  -2.22910472490544e-03  -2.09092868344197e-03   1.94973374416437e-02  -8.14043428707671e-03  -2.32933912731310e-02  -1.24602269552906e-02  -3.36765892676826e-03  -1.47981752775238e-02
   2.92249093133200e-02   1.60751247691098e-02   6.04100497180327e-02  -1.06185275625293e-01   4.22007848030663e-02   4.45894645004127e-02   1.95426034379402e-01   8.41344110584450e-02  -1.87178376870527e-01  -1.89363685377274e-01
   3.06275109531089e-02   1.78110863629878e-02   6.53437203487097e-02  -1.77552026206559e-01   4.41592003517673e-02   3.74196857434918e-02   2.44777582891728e-01   7.04415695822882e-02  -1.92642446928521e-01  -2.35809034211105e-01
   2.04858764948634e-02  -5.12061927294163e-03  -7.37019815040351e-02  -1.32385252514257e-01  -7.59742074046146e-02  -1.00416724539030e-01   1.02206437043376e-01   1.67365039511897e-01   3.32927163096034e-01  -2.61771383702069e-01
   3.24522960648554e-02   5.28636341275611e-02  -5.48381166114529e-03   4.40022195123894e-02   3.94244769648964e-02  -4.42425497457179e-02  -6.12766154889260e-02  -4.41823927868681e-02  -1.34536396108270e-02   6.92284634510662e-03
  -2.26969256177633e-02  -3.54411479932663e-02  -1.20906974917543e-02  -5.90983253826420e-03  -9.90626435728914e-02  -1.61757880724417e-01  -1.65051275296775e-01   2.72673575109576e-01   1.65441647438723e-01   7.44648268249265e-02
  -2.17762156441231e-02  -3.69906080870350e-02  -1.43057737642510e-02  -4.87227402159564e-02  -3.20977062385265e-02   3.02674936867929e-02   3.96943419476508e-02   5.51274252052742e-02   4.29065612510984e-02  -3.22604441244341e-03
  -5.70285615808273e-05   5.05142847098280e-02  -4.83541474423785e-02   1.94431952260065e-01   1.94234862803541e-01  -1.03716724526488e-01  -1.64496896222411e-01  -1.83792916926493e-01   1.53162179655079e-01  -6.00999250044884e-02
   5.10199617647271e-02   1.03416810622002e-01  -5.45302068949931e-03  -4.05638696179640e-03   1.86958979214287e-02  -4.83208640793198e-02  -5.37610557808022e-02  -3.17378627655329e-02  -2.40305389919985e-02  -2.55906762709535e-02
  -4.48134039523107e-02  -3.35024984910117e-02  -1.40611283356705e-02   7.90688351389703e-03   1.56188300237223e-02   1.43765998773756e-02  -3.99877384299265e-03   2.09474957879984e-02   2.98090905260208e-02   3.24394963880788e-02
   4.41893415223498e-03   6.23972289794661e-02  -4.40688147218262e-02   2.00503190495056e-01   2.42288838572954e-01  -1.33980904873642e-01  -2.00103161039613e-01  -1.92037881749810e-01   1.52102892355368e-01  -7.07697948752515e-02
   2.27322458940508e-02   3.33306121513511e-02  -1.80387054879327e-03   1.00280166145561e-03   1.45510022541166e-02  -1.15852421477219e-02  -2.61822752074960e-02  -1.84548609282396e-02  -4.97654456084069e-03  -7.95759006743275e-03
   3.84910312262150e-02   3.98369599359019e-02   7.74703114822861e-02   3.87067956294006e-02   1.72568571939473e-02  -7.04702026386934e-02  -2.52870172268732e-02  -3.91526133077403e-02  -4.79313349779987e-02  -4.21073033753649e-02
   3.95035080012657e-02   3.76253001112222e-02  -6.25037145754868e-02  -2.09304513123229e-01  -7.18042727111464e-04  -1.66246758626950e-02   7.38030121993348e-02   2.77332216739096e-01   9.76622616068754e-02  -1.83561067898474e-01
  -3.44807723779882e-02  -4.71985918230474e-02  -5.08260620027395e-03   1.38030564737476e-02  -5.15860584290846e-02  -1.78166559416595e-02   2.18772466903474e-02   6.07222574594723e-02   4.25272924490769e-02   4.80259503006056e-02
  -4.77479701208781e-02  -3.61548289608055e-02  -1.34807364936852e-01   3.77987306671376e-02  -4.18792091794136e-02  -5.00268311367070e-02  -8.41959358291674e-02   1.21130114001765e-01   1.10012693172069e-01   1.27864352550200e-01
   1.58104810375323e-02   2.68901115010180e-02   1.90750794447056e-02   3.76781499034946e-02  -1.02824993234770e-02  -2.41656378135353e-02  -4.94267053689668e-02  -2.59634589867628e-02  -2.88561506368947e-02   4.41213165232685e-02
   2.30280884595678e-02   4.01997220811652e-02  -1.95576933284845e-03   2.04023967291092e-02   1.84835526544060e-02  -2.77893597934376e-02  -3.94700550941048e-02  -3.04483748230566e-02  -7.90068760140931e-03   1.13026942591984e-02
  -9.30617486666803e-02  -6.25992603466651e-02  -2.11552132905769e-01  -1.28164798342451e-01  -7.89899522497468e-02   2.25733759962176e-01   1.34539243757509e-01   8.73859923002510e-02   8.54382208477364e-02   4.08186960296288e-02
   2.50175199341523e-02   3.76872934777543e-02  -2.91344973544281e-03  -1.20979347875565e-03   3.31786366402005e-02  -5.48588616343990e-03  -2.52500844935542e-02  -2.50534126178490e-02  -1.42512762243523e-02  -2.44977303689459e-02
   3.71288088410286e-02   4.99766331246991e-02  -1.07498730541716e-03   8.56720649121101e-03   4.03455923570115e-03  -2.68240234545106e-02  -5.00037580508959e-02  -3.30871685418586e-02  -8.59200747591327e-03  -4.76339375378327e-03
   7.83520514345032e-02   7.13101837312574e-02   6.85050583022772e-02   1.29012226006591e-01   2.67633964644783e-01  -1.89039017400517e-01  -1.73532383151714e-01  -1.12824781382536e-01  -3.17211567070093e-02  -5.22323533093590e-02
   2.23752572858297e-02   3.45520727686888e-02  -3.74393694915790e-03  -6.12380423542668e-03   1.92250765873472e-02  -4.94741319912642e-03  -1.90811036037887e-02  -1.57021445371480e-02  -9.16641270562202e-03  -1.88602164136701e-02
   5.13272182745461e-02   5.01689414916451e-02   3.03856149756198e-02   9.12596240107951e-03   3.82428055307418e-02  -4.20968018740547e-02  -8.69891061171072e-02  -3.29918256404159e-02  -5.72447885495502e-02  -2.83882297385637e-02
  -9.34114416879435e-02  -7.24061197739174e-02  -1.92303096233297e-02   7.50450658785004e-02  -1.28462388482543e-01  -3.11696157079971e-01   1.89715650652173e-01   1.38425823540646e-01   1.06076207166165e-01   8.80230015394927e-02
  -2.35896844283103e-02  -5.74749037051003e-03  -7.49681023869462e-02   2.50412681364521e-02  -6.96587532960455e-03   2.06007830279392e-01   2.95966843199137e-01  -3.04498942012194e-01  -1.02971497419302e-01  -2.12012711003290e-02
   9.37719043507144e-03   3.96773347641549e-03   6.51839345574508e-02   3.21606615352797e-02   3.07906002282761e-02   1.77976451478693e-01   2.58376441697369e-01  -3.11683160466666e-01  -1.68376325246192e-01  -1.07949857769962e-01
