  -6.18356907962245e-02
   2.01663252165168e-02
   5.41040795928311e-02
   1.61129825684317e-01
  -1.21603273477194e-01
  -3.47945570660026e-02
   6.92449654034630e-02
  -6.20952455966067e-02
  -1.15922756787243e-01
  -5.76133353141438e-02
  -2.62896924200794e-02
   3.72937977750663e-02
  -2.68149889415369e-02
   1.49988227967981e-01
  -5.32516881419736e-02
   2.22431321885217e-02
  -6.01596240511007e-02
  -1.38684468288668e-02
   3.14076371264852e-02
  -6.60404474895947e-02
  -1.02198619328463e-01
   1.65564274184294e-01
   3.88399715067624e-02
  -2.05047112763046e-02
  -2.31731089034028e-02
   1.17473911416930e-01
  -4.25165076857588e-03
   7.76640768862368e-02
   3.93126746755164e-02
  -6.16594794757328e-02
  -1.05605493947803e-02
   1.94492403056929e-02
  -7.28699708765526e-02
   9.51998247284088e-02
  -1.62975845866991e-02
   5.10523188700456e-02
  -2.99633048907562e-02
   4.42708860516150e-02
  -2.55567572619178e-02
   3.37205279799361e-01
  -3.54740679128940e-02
   1.48213700545084e-02
  -1.42524850126113e-02
  -5.77491857591655e-02
  -6.13928081499851e-02
   2.86190564473845e-02
   4.07209184111631e-02
   1.82722210486735e-01
   3.94683061386976e-02
  -2.32904276945139e-02
