   3.05785123966942e-01
   4.21487603305785e-01
   4.46280991735537e-01
   4.79338842975207e-01
   5.12396694214876e-01
   5.45454545454545e-01
   6.11570247933884e-01
   6.36363636363636e-01
   6.36363636363636e-01
   6.77685950413223e-01
   6.52892561983471e-01
   6.94214876033058e-01
   7.60330578512397e-01
   7.76859504132231e-01
   7.52066115702479e-01
   8.09917355371901e-01
   8.34710743801653e-01
   8.01652892561983e-01
   8.01652892561983e-01
   8.42975206611570e-01
   8.67768595041322e-01
