   2.06728137298414e+00
   1.53962563001018e+00
   1.36671769694933e+00
   1.25840498510483e+00
   1.19999346357726e+00
   1.08337507132571e+00
   1.00251426244911e+00
   9.44212232509577e-01
   8.79493855267405e-01
   8.73392798727834e-01
   8.96044972785929e-01
   7.43678151334033e-01
   6.82605483795879e-01
   6.73893669465492e-01
   6.66080512339707e-01
   5.75132238591147e-01
   5.25069916067971e-01
   5.45183530084637e-01
   5.28531977944983e-01
   4.79163090579600e-01
   4.35274969700345e-01
