   2.48466480382477e+00
   2.27475950602812e+00
   2.19167503088223e+00
   2.15464199274473e+00
   2.77506978018246e+00
   2.49221755232304e+00
   2.24731329004552e+00
   2.19850386884032e+00
   1.82908382675029e+00
   1.84839305564199e+00
   3.67777869281911e+00
   2.47340132793267e+00
   2.08698879030716e+00
   2.25044628835268e+00
   3.31187033846401e+00
   2.54166557186108e+00
   1.12472922501256e+00
   2.51507149353743e+00
   1.61466117874007e+00
   1.55507175164952e+00
   2.67871250469157e+00
   1.62432384366092e+00
   3.36721593857076e+00
   3.24236460323592e+00
   2.97409602255229e+00
   2.55284139337280e+00
   2.27976886570925e+00
   1.14605698213361e+00
   2.78941514607762e+00
   1.54145257847951e+00
   1.05665778427030e+00
   2.38421230832505e+00
   2.06618412493398e+00
   1.79508387490980e+00
   6.54819498266049e-01
   2.07856892823481e+00
   2.76452199880072e+00
   2.48374833138858e+00
   3.22740364501629e+00
   2.83400433774819e+00
   2.73106395134145e+00
   3.12563291356493e+00
   9.45747676476332e-01
   3.34478622888345e+00
   7.98817767588965e-01
   3.04322871573593e+00
   2.68526332518713e+00
   4.65649852611108e+00
   1.56448632618836e+00
   1.26283606063053e+00
   2.43508780621324e+00
   2.05141668388269e+00
   2.01871236982595e+00
   3.50437738643171e+00
   1.98163466442101e+00
   9.78147722126297e-01
   1.60378388140020e+00
   2.62011806738548e+00
   1.48074488051765e+00
   1.51899536988361e+00
   2.03849560710835e+00
   1.18025114588321e+00
   2.52035932872958e+00
   1.92581730074680e+00
   2.03199258109568e+00
   1.47007530390883e+00
   7.50700386654288e-01
   2.29913102538454e+00
   1.80655009829257e+00
   3.58069647322940e+00
   2.71200617907293e+00
   2.19265952110819e+00
   1.22406869216491e+00
   1.83807582482161e+00
   1.36924133542093e+00
   2.14074852746463e+00
   2.80849613914426e+00
   1.24129093758291e+00
   1.75646873607282e+00
   1.64704019233173e+00
   1.72992914660895e+00
   2.05425728246382e+00
   1.83490860558219e+00
   9.76204219535070e-01
   6.64935737174943e-01
   5.72019801017714e-01
   2.94615005555984e+00
   2.40770680818670e+00
   5.76571409964397e-01
   2.41166061561219e+00
   1.73370315387337e+00
   8.49113672614595e-01
   1.06807150253205e+00
   2.80602723143743e+00
   3.65408029357654e+00
   4.06851104167387e+00
   2.58595468918480e+00
   4.86004884054279e-01
   7.09680672888596e-01
   1.24361213006040e+00
   1.17042026414019e+00
   1.69142232681606e+00
   1.37805207963955e+00
   2.66097932917703e+00
   1.23731866982863e+00
   2.95316008500852e+00
   1.31785755827787e+00
   2.83019015433549e+00
   2.70060630055182e+00
   1.51435488848292e+00
   2.10372516356796e+00
   9.14829051660980e-01
   1.94174906504853e+00
   1.63449703362187e+00
   1.46190729635148e+00
   3.33675438207238e+00
   8.54832323322773e-01
   3.22907882063003e+00
   2.03310851458465e+00
   2.54506108980791e+00
   1.17703304422006e+00
   1.50471406377552e+00
   1.17230985822823e+00
   1.36446418526362e+00
   1.84463506873360e+00
   1.54571353702203e+00
   1.99808918923185e+00
   2.87542037485650e+00
   9.39754468514909e-01
   1.09172734561887e+00
   5.71753620530131e-01
   2.20442262433281e+00
   9.94489075052259e-01
   6.15367094724318e-01
   1.13194862543681e+00
   7.67642438786819e-01
   5.39696707863380e-01
   1.33601676973683e+00
   2.03537501617535e+00
   5.35653412453251e-01
   8.14420937717732e-01
   1.88886949748784e+00
   1.36225841470771e+00
   2.71469900436432e+00
   1.79058724002215e+00
   2.09204562502603e+00
   2.79200712744433e+00
   1.12999345893445e+00
   1.11577095520296e+00
   2.17466036710433e+00
   1.78984995036772e+00
   4.03666770156352e-01
   1.22876122830031e+00
   9.40592705969106e-01
   1.50295118550194e+00
   2.56817606445352e-01
   1.08610459185180e+00
   2.81191459995888e+00
   1.45694306873107e+00
   1.84180812517052e+00
   1.38585767589937e+00
   1.97822472934409e+00
   2.41394500310388e+00
   3.85090688747433e-01
   2.52781790283995e+00
   4.22407363909056e-01
   2.39278672939216e+00
   1.86506512289675e+00
   3.43961776106439e+00
   1.23224926722482e+00
   1.25711527879920e+00
   2.18799923968574e+00
   1.05954279865855e+00
   1.17695622694273e+00
   3.76681084681164e+00
   1.76449152442338e+00
   8.71099930190052e-01
   1.53032994005735e+00
   2.48205002592920e+00
   1.47690167221830e+00
   9.97250038414368e-01
   1.55335207360770e+00
   8.61175761587895e-01
   1.58130792538132e+00
   9.60205008547720e-01
   1.49488361762866e+00
   9.76346896385971e-01
   7.16996463642824e-01
   1.88374131189272e+00
   1.33925167840079e+00
   3.19938876069543e+00
   2.75104989222529e+00
   1.01192513295569e+00
   6.95536711436614e-01
   1.19630564495721e+00
   1.24373487352446e+00
   1.89240387546936e+00
   2.38676248335721e+00
   8.33995732013996e-01
   1.29019613099835e+00
   1.26675506865538e+00
   1.37754004395832e+00
   1.70619833165601e+00
   1.75605041428347e+00
   8.97408527749096e-01
   3.99306174138561e-01
   4.72835440597016e-01
   2.19347645501556e+00
   1.83412001756350e+00
   4.50474255679194e-01
   2.13751544605603e+00
   1.69920718364848e+00
   6.97769618168470e-01
   8.48911014157245e-01
   2.44512445217998e+00
   3.17896065618004e+00
   4.16405633523448e+00
   2.40904032040155e+00
   3.28773228449571e-01
   5.10747491002214e-01
   1.02612951837161e+00
   1.04309546693964e+00
   1.36720270653813e+00
   1.28404420986164e+00
   2.82611536204754e+00
   1.07303020398966e+00
   2.58320283654263e+00
   9.51701305347395e-01
   2.20816737097196e+00
   2.35794663320665e+00
   1.41981360896533e+00
   2.07798805599833e+00
   8.68514069574023e-01
   1.40129751065345e+00
   1.25873483625298e+00
   1.11903838077135e+00
   2.12612192684374e+00
   6.30229788650506e-01
   2.10284933585397e+00
   1.37834090211781e+00
   2.57468810425433e+00
   1.09609294464180e+00
   1.49579641517713e+00
   1.17477361217192e+00
   1.17160175031857e+00
   1.20151530933575e+00
   1.26527431446524e+00
   1.83782577308463e+00
   2.86175455950233e+00
   1.00706759568325e+00
   9.56734503331111e-01
   5.67875639567738e-01
   2.08744491163964e+00
   5.70586260987012e-01
   5.54519893194038e-01
   8.45893434852692e-01
   5.47274285532998e-01
   3.70883122854615e-01
   1.54037850037144e+00
   2.08095164085166e+00
   6.02565230441350e-01
   7.63035789652618e-01
   1.77655941787982e+00
   1.11589178989558e+00
   2.26583962292283e+00
   1.54635325217080e+00
   1.97099071908873e+00
   2.06415281609606e+00
   9.53029835125289e-01
   6.74734201439980e-01
   2.22711593769740e+00
   2.01235805245958e+00
   4.28897042592496e-01
   7.42613840533912e-01
   6.61181460408625e-01
   1.28179305337693e+00
   2.32607220843977e-01
   8.14333039630449e-01
   2.81343399417039e+00
   1.21395653799813e+00
   1.68781378918137e+00
   1.12432545407099e+00
   1.64322610576552e+00
   2.06679230938573e+00
   2.93119003109483e-01
   2.50041656079506e+00
   3.58481837254213e-01
   2.04183380816656e+00
   1.74535744275888e+00
   3.15048954288333e+00
   4.12403392070440e-01
   1.14038201764117e+00
   2.16464370276887e+00
   1.03561447898689e+00
   7.81823615205431e-01
   3.75648103977635e+00
   1.57019571471839e+00
   5.61002355380222e-01
   1.22083805487362e+00
   1.87108444433027e+00
   1.28836369525350e+00
   7.40047220883028e-01
   1.44392608652726e+00
   8.54673897321212e-01
   1.21467621719027e+00
   7.14746553270905e-01
   1.27813082434880e+00
   7.52827122107063e-01
   5.42630200392499e-01
   1.80925820761991e+00
   1.27926005154391e+00
   3.24936516466849e+00
   2.58979939572524e+00
   8.49354881522850e-01
   6.73184921336852e-01
   8.40524174408455e-01
   1.30622568936522e+00
   1.67789860965137e+00
   2.07700160148160e+00
   4.00880225681339e-01
   9.96237647470567e-01
   1.53314569558798e+00
   1.04102609546654e+00
   1.54116399097618e+00
   1.76708750965972e+00
   9.16162384694074e-01
   3.87330492311795e-01
   3.51750620109881e-01
   2.18243782486094e+00
   1.51322188784667e+00
   3.45526526363191e-01
   2.09507778882176e+00
   1.60921587852722e+00
   6.44647705136722e-01
   6.95890891801262e-01
   2.60212281088938e+00
   2.91954309865175e+00
   4.18769180028051e+00
   2.17245158228287e+00
   3.06328894417558e-01
   4.72951346954411e-01
   9.85596240966252e-01
   1.03558702814228e+00
   1.40578288710148e+00
   1.21131533613440e+00
   2.80617939172960e+00
   8.68134133813878e-01
   2.25214904718649e+00
   6.71085814499032e-01
   1.93490503325733e+00
   1.42752584734028e+00
   1.10485490029242e+00
   1.76776879511860e+00
   1.03706351120171e+00
   1.10924145924429e+00
   1.26342785039653e+00
   9.64193754992980e-01
   1.61269293278918e+00
   6.45919116551070e-01
   1.86486551918990e+00
   9.66930520359351e-01
   2.11736354792805e+00
   1.03055240275422e+00
   1.56918874869215e+00
   1.14461636511456e+00
   1.09957813752627e+00
   1.32892914936134e+00
   1.24764365989151e+00
   1.89997414869563e+00
   2.74290570089426e+00
   1.07065961196107e+00
   6.53274465698151e-01
   5.29383543851429e-01
   2.09845803381138e+00
   5.04902478454314e-01
   5.33892369830912e-01
   9.20491486881376e-01
   4.31681923132859e-01
   2.66958003584773e-01
   1.61587576861829e+00
   1.89342654258504e+00
   5.61893733071945e-01
   7.43330705724760e-01
   1.74110089526823e+00
   9.93932893661640e-01
   1.93492664914367e+00
   1.55871622142184e+00
   1.97972943068853e+00
   1.56025751650766e+00
   8.81466974235254e-01
   5.39794101809702e-01
   2.19831032778688e+00
   1.60229596526948e+00
   3.73093902022894e-01
   5.80982788259552e-01
   4.05640220205900e-01
   1.20093539922853e+00
   1.80814040054191e-01
   2.89063190902591e-01
   2.87220520681715e+00
   1.13881734020526e+00
   1.82466363649161e+00
   1.05787866652787e+00
   1.21711951031456e+00
   1.86607543487037e+00
   2.23125989035510e-01
   2.47217429409328e+00
   3.00701781704550e-01
   1.85727286993519e+00
   1.45071294715410e+00
   2.62154383229627e+00
   3.20992559887800e-01
   8.50895173460395e-01
   2.11429179476759e+00
   1.20001128835572e+00
   1.68389526915787e-01
   3.67261539203865e+00
   1.48527164859258e+00
   4.94797885601294e-01
   1.36104644335870e+00
   3.36553751749396e+00
   1.33030820035287e+00
   5.97311004236384e-01
   1.28066806768516e+00
   9.44778435028120e-01
   9.05088742830931e-01
   6.96809332018062e-01
   9.78260102590294e-01
   7.90498989429316e-01
   5.04514469931063e-01
   1.37636224818297e+00
   9.91758649417233e-01
   3.07951643316951e+00
   2.29180989296667e+00
   4.83995302884182e-01
   4.21575411880982e-01
   6.67410909497255e-01
   1.17974298826777e+00
   1.57718479982833e+00
   1.90913717727040e+00
   2.58524022946409e-01
   9.02084781964132e-01
   1.38971879423288e+00
   1.01090405337053e+00
   1.06800345675421e+00
   1.44714029464874e+00
   1.08404175043309e+00
   4.50459390703939e-01
   3.41527243594571e-01
   2.19901487030015e+00
   1.20667697522042e+00
   3.22523915734911e-01
   2.05255767933062e+00
   2.25512810970225e+00
   6.00256819013067e-01
   7.06723481667008e-01
   2.12932894162218e+00
   2.76584857566727e+00
   3.92371668481854e+00
   1.91965000513021e+00
   2.73880128266436e-01
   4.98215746405799e-01
   7.93392796909636e-01
   8.91904117226178e-01
   1.39892225148230e+00
   1.10167551804763e+00
   2.50282650313818e+00
   8.26212959480695e-01
   2.02040364453760e+00
   2.48395885372304e-01
   2.15251524846638e+00
   8.93357985582360e-01
   8.83670519661084e-01
   2.04757798487112e+00
   9.12950371037178e-01
   1.01685705100852e+00
   1.11418409169747e+00
   8.69937762789627e-01
   1.15337391218952e+00
   6.86061372152495e-01
   1.10685854633133e+00
   4.56078093038949e-01
   2.52466356736975e+00
   1.03826030253283e+00
   1.70402621077827e+00
   1.13598753443837e+00
   9.16772664035346e-01
   1.10582444414634e+00
   5.93858892964975e-01
   1.85711509882854e+00
   2.57745514306850e+00
   1.11698964138787e+00
   2.76529012453825e-01
   5.75144071747857e-01
   2.12083594456225e+00
   3.63215305020229e-01
   6.06263334799791e-01
   1.79714832362442e+00
   3.33643746824389e-01
   2.06272063921123e-01
   1.71433671987413e+00
   1.78605392576280e+00
   3.79580954818298e-01
   7.52373452052431e-01
   1.82891394837444e+00
   1.02264095487657e+00
   1.75181097891211e+00
   1.55120204340031e+00
   1.90550857229170e+00
   1.10655565843392e+00
   7.73072588013881e-01
   4.33980426122623e-01
   2.24258358820430e+00
   2.39814338002584e+00
   3.81259709538052e-01
   4.77552556413091e-01
   4.95932532845532e-01
   1.17113010956809e+00
   2.46592905933890e-01
   3.91892537969851e-01
   2.39394500292346e+00
   1.14861647308140e+00
   1.64362676053882e+00
   9.61693206027604e-01
   9.44773175137948e-01
   1.65891402926194e+00
   1.94907446822686e-01
   2.27222487194547e+00
   3.40087551732169e-01
   1.62045999524648e+00
   1.51835721144761e+00
   2.39264892632172e+00
   2.78042710127395e-01
   1.69015870765826e+00
   2.25183180179980e+00
   1.10969754798755e+00
   1.42688193066165e-01
   3.50532564272429e+00
   1.29073245636098e+00
   4.20605589179612e-01
   1.29743561456925e+00
   2.39710492251840e+00
   1.22881919758634e+00
   5.56308446531275e-01
   1.23366235500037e+00
   5.88083556483163e-01
   9.67635077448401e-01
   4.35450394507109e-01
   1.09739609555437e+00
   8.73229789777209e-01
   4.63942245646412e-01
   8.63496575246631e-01
   8.38836857277893e-01
   3.14926773430289e+00
   2.22242181222967e+00
   3.19050490698789e-01
   3.83354742771965e-01
   5.66508968195156e-01
   1.20926665924701e+00
   1.42917001793628e+00
   1.71242977871102e+00
   2.03811356907145e-01
   4.50223356755722e-01
   1.29411170596797e+00
   6.95486255889136e-01
   1.82208087782844e+00
   1.06858717641444e+00
   1.30763014191248e+00
   4.24897022202470e-01
   3.56257746479146e-01
   2.11819925028499e+00
   8.99545696466388e-01
   3.03260278016610e-01
   1.94037998629095e+00
   1.93438214027560e+00
   5.40412178917547e-01
   6.89160879761554e-01
   1.81289178069048e+00
   2.84838077651009e+00
   3.75524303609169e+00
   1.74589480972429e+00
   2.71879228955631e-01
   4.86411894894876e-01
   5.87016508619123e-01
   1.02167913634521e+00
   1.18791707729984e+00
   2.06302395988226e+00
   2.62443334692912e+00
   1.00611309273194e+00
   1.85404490488367e+00
   7.52992480386987e-01
   1.80701214429565e+00
   9.01026349183811e-01
   7.09891430685931e-01
   1.99309305874875e+00
   7.30141321445122e-01
   7.78095911609785e-01
   8.86722793885248e-01
   9.55708673709543e-01
   9.70690263966882e-01
   7.66124119668332e-01
   1.01489217923332e+00
   5.52130683185704e-01
   2.32392466993995e+00
   1.03299980130971e+00
   1.58708573782268e+00
   1.19030359400184e+00
   7.09904569826889e-01
   1.04746417350877e+00
   4.72709631617374e-01
   2.07317702079647e+00
   2.56106415976119e+00
   1.13555516159731e+00
   3.32821171437321e-01
   4.97095362553943e-01
   2.09057442473651e+00
   4.44706947987002e-01
   6.63473502785670e-01
   1.29901234114020e+00
   2.92775893024796e-01
   1.62926518954830e-01
   1.69772865618291e+00
   1.73863608415590e+00
   4.93373737955111e-01
   8.28245618852971e-01
   2.03493439372315e+00
   9.02266799455123e-01
   1.43129773002069e+00
   1.54075595027530e+00
   1.74292889251248e+00
   9.44646826720199e-01
   6.92705569607586e-01
   4.21054743898952e-01
   2.49588373658446e+00
   1.26118325249376e+00
   4.14178954359524e-01
   3.65177914006182e-01
   3.34891743885679e-01
   1.01668386707141e+00
   2.51273351413153e-01
   1.72812761982242e-01
   2.23971996602329e+00
   1.04596077167960e+00
   1.54404381599160e+00
   7.75066882506772e-01
   6.73735669794612e-01
   1.57737752169851e+00
   1.98847632254537e-01
   2.06789207633988e+00
   3.27355060923738e-01
   1.52722363436040e+00
   7.14502992751290e-01
   1.97858101146248e+00
   2.45763262373461e-01
   5.21806539044901e-01
   1.76421165314434e+00
   8.35629356114117e-01
   1.26688270721601e-01
   3.38315369822979e+00
   1.24359379723968e+00
   3.72680944638741e-01
   6.28581200214987e-01
   9.47973237162141e-01
   8.16624756605689e-01
   4.29287007946140e-01
   8.80073473156513e-01
   4.57755986467420e-01
   8.47512491802636e-01
   3.40689317652561e-01
   5.60791726024370e-01
   5.61006546866298e-01
   4.04115396316626e-01
   8.57918369726336e-01
   8.56889699810506e-01
   3.45325953431743e+00
   1.84286133239454e+00
   2.84196787779823e-01
   2.89497323942342e-01
   2.04506681485692e+00
   1.20417376146226e+00
   1.36208668034922e+00
   1.49713747394555e+00
   2.64241216660201e-01
   2.90119518285640e-01
   2.98590177852933e+00
   6.01352056336641e-01
   6.05181871678561e-01
   1.29600139255367e+00
   1.19574043399671e+00
   3.60821997513094e-01
   3.95301081038092e-01
   1.90373890186787e+00
   7.98922206937016e-01
   3.27899130074929e-01
   1.88973844307274e+00
   2.43240637001324e+00
   4.93309932645296e-01
   5.34892083648235e-01
   1.67915509044623e+00
   2.89385951291465e+00
   3.47483303199670e+00
   1.71065006512524e+00
   2.98068596893274e-01
   4.89103546849419e-01
   6.84687373289019e-01
   1.01254518908548e+00
   1.15642660982016e+00
   1.17145544953940e+00
   2.59703948101045e+00
   1.21221865499017e+00
   1.69967307381860e+00
   1.02418319219284e-01
   1.41637176917521e+00
   7.86071379440632e-01
   5.75557132060327e-01
   1.81648081050285e+00
   9.91455924888443e-01
   5.53121841541574e-01
   6.10421414501293e-01
   9.46284764341503e-01
   9.48299686692499e-01
   5.45256194916346e-01
   1.15267411660632e+00
   5.48004661968941e-01
   1.68986929364916e+00
   8.78167957473611e-01
   1.35632511995293e+00
   1.11860722352845e+00
   6.34122960191944e-01
   7.70056530651458e-01
   2.44048851136765e-01
   1.60701419860565e+00
   2.41377200798105e+00
   9.25055468706558e-01
   5.87554139975554e-01
   4.73016261468824e-01
   1.98565599634368e+00
   2.27607108197211e-01
   5.14670470747729e-01
   7.16695145473809e-01
   2.51105902117102e-01
   1.43638703665820e-01
   1.69351210404287e+00
   1.63012999252530e+00
   7.14386755141585e-01
   8.47014825192499e-01
   1.63198162530520e+00
   7.62515918582776e-01
   1.30942452820149e+00
   1.60226002122618e+00
   1.62408351362883e+00
   8.51301970017929e-01
   7.93398265340230e-01
   3.92707068886351e-01
   2.63622435154753e+00
   1.50574052227568e+00
   4.24378243675261e-01
   2.83919165907970e-01
   6.78199107798343e-01
   1.11243620688850e+00
   2.47018470837633e-01
   6.78136433748678e-02
   1.88667725476452e+00
   8.55920802695206e-01
   1.87170370321577e+00
   5.09935713786489e-01
   4.40874726100061e-01
   1.46945090553851e+00
   1.33858430333414e-01
   2.34341710502711e+00
   3.58139530466937e-01
   1.40250764097003e+00
   9.50769137402841e-01
   1.94226559991421e+00
   2.00457169963607e-01
   6.65121084265816e-01
   1.67006276160836e+00
   7.49393427555914e-01
   2.52527987944645e-01
   3.08904472437947e+00
   1.15213714549459e+00
   3.45056430047310e-01
   1.12868244623742e+00
   8.80295530817627e-01
   7.83997712624227e-01
   4.59724726629968e-01
   5.48184802740442e-01
   3.99145577663878e-01
   4.84468036554142e-01
   6.24387429427748e-01
   4.11199720650972e-01
   2.89226688565623e-01
   3.31132274929233e-01
   8.39319268019370e-01
   9.13241232516586e-01
   3.34974691414314e+00
   1.35753338463974e+00
   2.05428411879824e-01
   1.52344131852391e-01
   4.04437482092638e-01
   1.30637716020920e+00
   1.34154584319399e+00
   1.53946993605000e+00
   1.68627595467610e-01
   3.65114785437877e-01
   2.83506308124740e+00
   5.18036576827932e-01
   4.66307646184928e-01
   7.91600583481902e-01
   9.83835618460182e-01
   3.98141182248736e-01
   3.49335160800854e-01
   1.97446672091391e+00
   1.03761786209156e+00
   2.64641418439437e-01
   1.83392145466050e+00
   1.96606828188279e+00
   4.04367156578599e-01
   5.60721617448049e-01
   1.66296413130808e+00
   2.73472776803023e+00
   3.33041931273872e+00
   1.22897125323125e+00
   2.52503111538829e-01
   4.23693908962241e-01
   5.73594710307493e-01
   8.47106622614908e-01
   9.14388130804395e-01
   9.64799964770382e-01
   2.04281592368239e+00
   1.14643317683987e+00
   1.71103396953492e+00
   7.21965868641109e-02
   1.55276253424395e+00
   5.02485631650458e-01
   4.31196629779453e-01
   9.34931955597961e-01
   1.23308406938378e+00
   3.67569983841763e-01
   7.56663658004781e-01
   1.15885754798566e+00
   8.02360472152005e-01
   5.08561688535773e-01
   9.13017399202012e-01
   5.33278431695066e-01
   2.80475898696849e+00
   1.16457907184620e+00
   1.30329452047642e+00
   1.19268529003921e+00
   4.55607004757967e-01
   1.13217307268934e+00
   1.28638133983914e-01
   2.11220996659083e+00
   2.55731899936685e+00
   8.33648933924260e-01
   3.95591919934010e-01
   5.19884960037551e-01
   1.92475075715935e+00
   1.94492203340438e-01
   5.03838810753046e-01
   9.57277588401990e-01
   1.96396682758690e-01
   1.06993288468202e-01
   1.79129911114881e+00
   1.41133506587423e+00
   3.32755622793937e-01
   8.79939317182357e-01
   1.75559326801560e+00
   6.56271438581542e-01
   1.49894205577082e+00
   1.67620946561911e+00
   1.80687098145707e+00
   7.75433421877770e-01
   7.75251889105264e-01
   3.49706730896180e-01
   2.20399386696515e+00
   6.68365719434085e-01
   3.45917346129545e-01
   2.32261831759965e-01
   2.51520122905059e-01
   9.04215586253626e-01
   2.77004555629355e-01
   6.21993289543018e-02
   1.60955652669956e+00
   9.86169031890285e-01
   1.20809485747569e+00
   1.36964755068375e+00
   3.50633177591847e-01
   1.48067295558909e+00
   1.27975621582515e-01
   2.07257120482236e+00
   4.02762856068249e-01
   1.38244260949100e+00
   5.39114538887085e-01
   1.61824308170245e+00
   1.64849991336570e-01
   3.31571079626335e-01
   1.46516431093481e+00
   7.77391620613415e-01
   1.14683168991443e-01
   3.09541379121942e+00
   1.16700744762048e+00
   2.78629090599191e-01
   9.24748541719675e-01
   7.07852029357260e-01
   6.47010681315873e-01
   4.11714375390443e-01
   6.01629891882494e-01
   4.44287350907609e-01
   5.10473016110087e-01
   1.98779434316478e-01
   2.59084408442697e-01
   2.88644943722935e-01
   2.34502133719264e-01
   6.91494379616587e-01
   6.86881390304388e-01
   3.24627262702386e+00
   1.13194758701835e+00
   1.67517628813771e-01
   2.20268689424660e-01
   3.99398318446700e-01
   1.34827833635818e+00
   1.38916197690160e+00
   1.67728290264922e+00
   1.39928250053837e-01
   1.91438304229863e-01
   2.25658239490977e+00
   7.07989189300565e-01
   3.58780334311453e-01
   8.31980301329875e-01
   7.02809005754252e-01
   4.54498896325792e-01
   3.24719690187492e-01
   2.36961254495996e+00
   1.40262872998422e+00
   1.76238738131715e-01
   1.83858698687317e+00
   2.43774723079969e+00
   4.05702275666347e-01
   3.88437558731693e-01
   1.65240203535006e+00
   2.82525973364103e+00
   3.24267325108153e+00
   1.19616596193852e+00
   1.91663577020712e-01
   3.98490114855474e-01
   2.96464580052225e-01
   6.46831559991513e-01
   8.14517015443273e-01
   1.01819774502935e+00
   2.54007010796496e+00
   8.33853778369006e-01
   1.53966104739253e+00
   3.73422793681991e-02
   1.10658169454242e+00
   6.11209393130818e-01
   3.57338524249685e-01
   1.37368947881871e+00
   1.20908349301578e+00
   4.63927457428351e-01
   5.14958277093383e-01
   1.55516678034933e+00
   7.99679871101170e-01
   4.02650635425794e-01
   8.89023273693914e-01
   2.06360085070002e-01
   1.76917099242721e+00
   8.69852942360691e-01
   1.18341513815835e+00
   1.21896500115788e+00
   6.48007886855962e-01
   5.72894400475786e-01
   6.90994996473165e-02
   1.87763921972612e+00
   2.50393956384920e+00
   6.72345829940778e-01
   7.49444462318445e-01
   4.04393329868793e-01
   1.95446372842025e+00
   1.79738587648744e-01
   5.76221130221311e-01
   4.98966487294672e-01
   1.66242013647959e-01
   7.98911485187550e-02
   1.86746408454529e+00
   1.54376662188309e+00
   2.02942034051477e+00
   9.06513045775707e-01
   1.57221753716783e+00
   9.90661581883370e-01
   1.18814526557931e+00
   1.72600585562795e+00
   1.63745769279405e+00
   7.56574528363309e-01
   4.45555165325484e-01
   2.25730903665699e-01
   2.43780898564963e+00
   9.05977487660654e-01
   2.50663392985116e-01
   1.82813324794557e-01
   2.21264433787468e-01
   6.53159885033635e-01
   1.90733228574895e-01
   3.68306825260415e-02
   1.90547119227193e+00
   7.50367590738122e-01
   1.04592229475846e+00
   7.44197212857369e-01
   4.49060233270270e-01
   1.33290149835557e+00
   1.14451884674536e-01
   2.22634530499870e+00
   3.51190648109855e-01
   1.25757123300396e+00
   5.04768844583358e-01
   1.39554358411766e+00
   1.68706840600737e-01
   1.85583311160304e-01
   1.32262771665378e+00
   6.06755983373746e-01
   4.76767112038401e-02
   3.28949496904146e+00
   1.05702858530310e+00
   2.76654430271558e-01
   1.11377848203561e+00
   7.88166630228822e-01
   5.59294702796766e-01
   2.67611823720799e-01
   5.02996128364436e-01
   8.38680849099908e-01
   3.46884056292752e-01
   1.86479956805963e-01
   1.87387073940357e-01
   3.29736575922818e-01
   2.66427087676522e-01
   7.33371958563964e-01
   6.61627065296881e-01
   3.31338365082175e+00
   9.89525501190762e-01
   1.14403319004673e-01
   2.70772247722674e-01
   4.00669871004865e-01
   1.33382108534205e+00
   1.40108367229272e+00
   1.23995425758652e+00
   8.71386531130179e-02
   1.73812556975551e-01
   1.36937528406863e+00
   5.04421235428758e-01
   2.81488262894355e-01
   1.01097379490860e+00
   4.82757967382439e-01
   3.64418394711835e-01
   5.78864622527948e-01
   2.05890754884143e+00
   1.02770820647378e+00
   1.99130751606338e-01
   1.71320220271013e+00
   1.28304425494382e+00
   3.93645028932896e-01
   2.93559693519763e-01
   1.57748398291708e+00
   2.61785921614081e+00
   3.15471084195324e+00
   1.16120203868282e+00
   2.21415805422873e-01
   4.38440872360874e-01
   2.58915362136133e-01
   8.28988378499328e-01
   8.25467344734324e-01
   1.25861144434633e+00
   1.91615367578853e+00
   9.71225902514980e-01
   1.47322184770604e+00
   2.41409598986970e-02
   8.44571583642958e-01
   6.34246702602840e-01
   2.79986558873800e-01
   5.77483089687236e-01
   8.52079761313146e-01
   3.38673791826144e-01
   4.83191522213802e-01
   1.26963510463761e+00
   7.32752753039460e-01
   3.01864215108418e-01
   1.43801487755307e+00
   1.23586031523882e-01
   1.39047139976814e+00
   5.99105426476083e-01
   1.29322251559944e+00
   1.25557020823420e+00
   6.11009668043050e-01
   4.09883406208813e-01
   3.74582627770913e-02
   2.98202287504789e-01
   2.26780796240259e+00
   5.43796735809733e-01
   5.57239672041995e-02
   3.13390338874668e-01
   1.85922744611177e+00
   1.44440319931912e-01
   7.38203002502771e-01
   2.89283784040960e+00
   1.71527722719413e-01
   8.46969939370496e-02
   1.92417484109315e+00
   9.55793167710402e-01
   5.36249292290908e-01
   9.62947617755627e-01
   1.70314656848057e+00
   7.23604134940179e-01
   7.43779032986633e-01
   1.79077574223700e+00
   1.37683099902481e+00
   6.58947857319158e-01
   2.64132810459443e-01
   3.62998714139194e-01
   2.27219496480018e+00
   5.71151487711480e-01
   2.11430754009298e-01
   1.27168449923695e-01
   1.59598104686877e-01
   9.35966298160481e-01
   1.94844201339791e-01
   5.93501777064445e-02
   1.60899672211308e+00
   4.88695448937116e-01
   1.09416149320071e+00
   4.21057493417654e-01
   2.69476289048027e-01
   1.27787512288299e+00
   1.20375911764850e-01
   2.34042359562378e+00
   3.83585085094993e-01
   1.19997865792960e+00
   6.38480203864045e-01
   1.42311773385537e+00
   1.87161037580125e-01
   1.58397554936259e-01
   2.20273576867362e+00
   6.41865962107093e-01
   6.93722148351227e-02
   2.59143989445940e+00
   9.79671288871340e-01
   2.88858151173402e-01
   8.57824770087021e-01
   6.16839853463904e-01
   4.19338106359721e-01
   3.14397786909679e-01
   5.76541860307071e-01
   6.68843207847877e-01
   2.30134092138056e-01
   1.51025726784273e-01
   1.62906910867076e-01
   2.99535452514982e-01
   2.13689031121702e-01
   7.59837346251205e-01
   7.02775336206807e-01
   3.18433538641460e+00
   1.73765741163315e+00
   1.10492609030224e-01
   2.54391976969278e-01
   3.92440996467144e-01
   1.33763003131580e+00
   1.30329017590400e+00
   6.95348451683926e-01
   1.46545572770177e-01
   1.23641737085719e-01
   3.07148557854126e+00
   9.36521852271645e-01
   4.57922456567910e-01
   1.20176872073799e+00
   1.73632634219661e+00
   2.07762224916131e-01
   1.92526648546092e-01
   1.34481175285796e+00
   1.42471690426377e+00
   1.74177069997904e-01
   1.75149473872277e+00
   2.46565451737608e+00
   4.23853266685317e-01
   5.92199018450329e-01
   1.39657668068034e+00
   2.72614370315846e+00
   3.32262493223802e+00
   1.06686335334912e+00
   1.83059059220288e-01
   4.70091040215938e-01
   6.64771818301089e-01
   7.43368394934790e-01
   8.78383535166714e-01
   1.49809346917284e+00
   1.57187750540437e+00
   1.01802256793227e+00
   9.38700645499314e-01
   4.62320250714907e-02
   8.15188646707676e-01
   1.20455117461159e+00
   2.54294959950157e-01
   6.58746009833146e-01
   6.89257219371851e-01
   2.79559197975438e-01
   2.51534395007065e-01
   2.06919580463859e+00
   6.33978122853264e-01
   4.14329375016299e-01
   7.72878052639585e-01
   1.12905979828377e-01
   1.10738095597329e+00
   7.53425573636424e-01
   1.63849737232988e+00
   1.27610902053004e+00
   5.90992085528616e-01
   8.86415425380553e-01
   8.10809288732103e-02
   2.92721611408684e+00
   2.32871468925684e+00
   6.62168852934535e-01
   2.25964176553632e-01
   3.54169387881789e-01
   1.72676985585274e+00
   2.23296781707180e-01
   5.48875898320586e-01
   1.57960942175897e+00
   1.17412111138903e-01
   7.48469825287241e-02
   1.72194698679786e+00
   7.76127569072104e-01
   4.59710239991915e-01
   9.66435833355773e-01
   1.44154310242267e+00
   1.12066665982369e+00
   2.14126849840968e+00
   1.95788095329525e+00
   2.06027332621537e+00
   6.25413126591764e-01
   5.52581368055637e-01
   1.85715489538655e-01
   4.96934789235126e+00
   5.72894298241774e-01
   3.14056287040479e-01
   1.06594114966551e-01
   3.74426438027541e-01
   9.78843863495402e-01
   4.20155381179796e-01
   4.11056992481605e-02
   1.10936065919531e+00
   6.93954129564095e-01
   1.12612361149479e+00
   5.62144143132469e-01
   2.10807358501451e-01
   1.36139392277981e+00
   3.02231948049830e-01
   2.25012151881109e+00
   6.17984734077410e-01
   1.37413379608668e+00
   2.64100817307027e-01
   1.44081597044974e+00
   8.13922571441339e-01
   2.85338653621836e-01
   6.78297911114046e-01
   5.39726371292422e-01
   7.42838536445213e-02
   2.23391170757155e+00
   1.18845507252724e+00
   4.50992101921306e-01
   1.44852233105614e+00
   5.71322948469254e-01
   8.95162133209424e-01
   3.19276376553227e-01
   4.40911017262748e-01
   7.71329076798889e-01
   2.20873365342209e-01
   1.36283361481599e-01
   8.44282456864326e-01
   1.88266553618286e-01
   2.19035829088450e-01
   5.90334458247844e-01
   1.31816908988158e+00
   2.75378918208374e+00
   1.02811917031304e+00
   8.01088339972814e-02
   1.94695047964348e-01
   5.27334117697425e-01
   1.35174046564175e+00
   1.47282506492248e+00
   7.71809664263400e-01
   1.45374317276268e-01
   1.02038595341714e-01
   1.33753249048658e+00
   6.97492689554211e-01
   2.95657640002569e-01
   8.20222440609103e-01
   3.77550317433966e-01
   2.46747213594211e-01
   1.97419487636614e-01
   2.41171716226047e+00
   1.45427043723981e+00
   1.71825100529952e-01
   1.86793942167368e+00
   1.62109762478660e+00
   4.01103033129134e-01
   2.07780585446055e-01
   1.34823974701615e+00
   2.28314171516010e+00
   3.27539005007745e+00
   7.74212091086126e-01
   1.72244874569709e-01
   5.51866809654199e-01
   6.14586493246026e-01
   1.18559454462817e+00
   1.32619923961864e+00
   1.46114563710501e+00
   1.30330399018519e+00
   8.48578763033836e-01
   1.26441158705178e+00
   2.92663170499275e-02
   6.35835713613340e-01
   4.71234576769678e-01
   2.83732808253336e-01
   4.25425847406118e-01
   7.97459534169545e-01
   2.81226038741110e-01
   3.37542253934047e-01
   1.34024251573178e+00
   5.62071122687896e-01
   2.82457755568816e-01
   1.18074493339400e+00
   1.85791811883601e-01
   1.23279958445217e+00
   8.59509163883023e-01
   1.24678693048950e+00
   1.27350264188347e+00
   5.95091764615221e-01
   3.00976922442935e-01
   6.63561285025909e-02
   2.08285722385814e+00
   2.07165127232627e+00
   9.58285390981177e-01
   2.49337091599529e-01
   3.94176895148970e-01
   1.58972316277448e+00
   1.77018847389820e-01
   7.09345884018120e-01
   1.46239792766956e+00
   1.00615970472262e-01
   6.94849820387730e-02
   2.14112575902604e+00
   1.65299876920550e+00
   3.83814292821405e-01
   8.73265514826451e-01
   1.43203767077460e+00
   1.16986626325898e+00
   1.02229833687201e+00
   1.74760517246109e+00
   1.47876559211857e+00
   5.71503783410376e-01
   4.95766749423409e-01
   1.45287200395767e-01
   1.93113200092348e+00
   2.83461776469550e-01
   2.00312218375443e-01
   1.01457527405211e-01
   2.20618554964737e-01
   3.82915496717499e-01
   2.42318915812449e-01
   3.65217538529825e-02
   1.39697345407807e+00
   3.96269531524185e-01
   9.84675651843062e-01
   9.27173764913603e-01
   1.75024755248509e-01
   1.31201601254954e+00
   7.49386979224842e-02
   1.34508636436181e+00
   4.07271079733760e-01
   1.15221910359195e+00
   2.23467031474917e-01
   1.23029270594477e+00
   1.24226876661985e-01
   1.13363955818645e-01
   8.26950696415219e-01
   4.53998498398623e-01
   6.61470746865343e-02
   2.28763830851531e+00
   9.82274998446897e-01
   2.57438405271952e-01
   6.29421320961715e-01
   5.44835155657250e-01
   6.44465748660252e-01
   2.06018099581077e-01
   3.13071317614100e-01
   5.02295929633705e-01
   2.69107221770108e-01
   1.33920046663038e-01
   3.23797097467648e-01
   1.38450291720987e-01
   1.44034449808616e-01
   5.71548715734186e-01
   7.56369857123878e-01
   3.11435613893795e+00
   8.17305525292236e-01
   5.18541331220731e-02
   1.44368469228607e-01
   3.61982684266154e-01
   1.37410905169056e+00
   1.31918698394089e+00
   5.11665793019908e-01
   2.23843783493600e-01
   9.13536114723794e-02
   1.24812310219505e+00
   3.89279644957111e-01
   1.85605163899557e-01
   5.89107562683694e-01
   5.50065353927317e-01
   4.36520932052836e-01
   1.47501728607199e-01
   2.35486065771794e+00
   9.94901838339511e-01
   1.07215857486794e-01
   1.71106442694423e+00
   1.04302619244238e+00
   3.83458127625051e-01
   1.76405337588191e-01
   1.33224616423703e+00
   2.70152321199192e+00
   1.97445601217366e+00
   8.27390032175571e-01
   1.16297052161649e-01
   3.40838810959611e-01
   1.57931233566257e-01
   8.08460722093969e-01
   1.14075161928733e+00
   1.64672924617183e+00
   1.32173829988195e+00
   6.75109399588800e-01
   1.13914280394811e+00
   2.50920170294224e-02
   6.10086037518218e-01
   4.37258839767828e-01
   2.24878347303881e-01
   4.16845022560553e-01
   6.79243113609477e-01
   2.16211045879944e-01
   3.34355032982442e-01
   1.64630917899550e+00
   5.43791916275766e-01
   3.44312640389978e-01
   7.67313515934233e-01
   1.16059372848317e-01
   6.44177330240283e-01
   6.93881585788459e-01
   1.00918403444503e+00
   1.30141639820168e+00
   6.80149376372134e-01
   2.08064568945389e-01
   5.22489679637043e-02
   6.35084685833768e-01
   2.28898923203821e+00
   6.74757709045904e-01
   3.06128152325714e-01
   2.82113671018405e-01
   1.51280298127814e+00
   1.65587208869178e-01
   5.23153462335585e-01
   1.24509761492042e+00
   8.64461756104090e-02
   6.01229459815040e-02
   1.82711840167300e+00
   4.53717480599238e-01
   3.29134840944639e-01
   8.66524597288078e-01
   7.73243434269187e-01
   1.21775959982863e+00
   8.85993374775403e-01
   1.87155669240428e+00
   1.40106027048085e+00
   5.62222110245753e-01
   4.23856322354910e-01
   1.28987139861947e-01
   1.98340681703325e+00
   2.04317968623336e-01
   1.69944324474192e-01
   8.37577888631053e-02
   1.86190784120905e-01
   2.94020907924520e-01
   1.74419313550133e-01
   2.62971003308296e-02
   1.58767729506052e+00
   2.38242189789915e-01
   7.86874505029182e-01
   7.64030476558439e-01
   1.31397728667273e-01
   1.22758352379307e+00
   5.69551824147738e-02
   1.43382852352661e+00
   3.09184942483857e-01
   1.08141421241115e+00
   2.19646196433983e-01
   1.07614525759702e+00
   1.35923921613673e-01
   8.11178968107369e-02
   7.67501943315309e-01
   4.27571089859836e-01
   4.54733884395681e-02
   1.99600810039432e+00
   9.15950329072233e-01
   2.71533863894144e-01
   5.98042755008348e-01
   5.35562106289774e-01
   6.48579627351921e-01
   1.94670803535560e-01
   2.52643722193978e-01
   4.52707413585284e-01
   1.71003874325642e-01
   1.24332538819893e-01
   1.57243981750774e-01
   5.88642648007618e-02
   1.30995594580128e-01
   5.24313148179842e-01
   1.05701977118473e+00
   3.22179463200966e+00
   2.89106989021664e+00
   4.29501464896371e-02
   1.14323710106451e-01
   4.63811018092970e-01
   1.34424388599536e+00
   1.32224545581740e+00
   4.22976344470960e-01
   9.97758256235705e-02
   7.66406613408284e-02
   1.30311135895919e+00
   5.66668669438603e-01
   2.33406799171740e-01
   7.48000907951776e-01
   2.91481200123817e-01
   3.33293200749438e-01
   1.14958848900235e-01
   2.38804174385468e+00
   6.50195536818907e-01
   9.52110625420516e-02
   1.71072478753833e+00
   7.64176977676568e-01
   3.94973230264272e-01
   1.49269414152135e-01
   1.22578222485944e+00
   2.67327668862378e+00
   1.56587069012850e+00
   6.22105013979671e-01
   1.05972118164560e-01
   4.21198856525480e-01
   1.70936547396015e-01
   8.16533572603826e-01
   5.21972554053973e-01
   1.85127230835367e+00
   9.09512205673447e-01
   2.74153789609197e-01
   1.16354870335053e+00
   1.91336764845524e-02
   4.66129333097437e-01
   4.01523992807213e-01
   1.70764004938234e-01
   3.55644692082332e-01
   1.03110743198921e+00
   1.59732128158675e-01
   2.42814940358910e-01
   1.32759672748813e+00
   5.55616083919054e-01
   2.65850941652889e-01
   7.98196233555388e-01
   9.10289291983383e-02
   5.86571775530387e-01
   7.03155442809706e-01
   8.87453319838457e-01
   1.22594882005819e+00
   5.44116908170204e-01
   1.76201189229756e-01
   4.56254580662004e-02
   6.51802164695714e-01
   1.98081776386587e+00
   5.25747950896142e-01
   4.32059407695938e-01
   2.70894151820305e-01
   1.44130831373437e+00
   1.38508601681691e-01
   5.53098589505912e-01
   6.54502087339060e-01
   7.35355629195354e-02
   4.91342621149135e-02
   1.84867651005499e+00
   4.46323230169196e-01
   2.43134537579633e-01
   8.53612409538884e-01
   7.19219111187174e-01
   1.22532255405222e+00
   4.68294122975667e-01
   1.92561849779777e+00
   1.32794641536427e+00
   5.57506318910989e-01
   4.23477205969835e-01
   1.08458915874151e-01
   2.04943904381449e+00
   1.55308682463767e-01
   1.69310424052244e-01
   7.07467826996636e-02
   1.49118074872475e-01
   2.45046917459986e-01
   2.19681548009709e-01
   4.91972238358222e-02
   1.25035194470824e+00
   2.55121804477868e-01
   6.76406453681561e-01
   7.30421140284013e-01
   1.06691266665394e-01
   1.14117904737483e+00
   4.73035667314803e-02
   1.65332197684081e+00
   3.49179753929679e-01
   1.04068563201812e+00
   1.32355883550600e+00
   9.86672284165469e-01
   1.32527174090332e-01
   6.29885414490291e-02
   7.06598145712581e-01
   3.66858321119377e-01
   1.19384192403361e-01
   1.74454248838003e+00
   8.58059812179973e-01
   2.61730461910084e-01
   5.56455338965807e-01
   5.16873301842305e-01
   2.95207020188286e-01
   2.53169908082725e-01
   1.99218656348945e-01
   3.32601845075266e-01
   1.67924498553783e-01
   1.76351825003511e-01
   1.39933165513622e-01
   4.28757545542875e-02
   1.18749088963211e-01
   5.13569908666042e-01
   1.13190776491350e+00
   3.50979531432534e+00
   9.35840540112517e-01
   4.22253740184604e-02
   9.17477768463027e-02
   7.60273259529031e-01
   1.34014621792077e+00
   1.40735770889585e+00
   2.28201703873606e-01
   1.67142776770589e-02
   6.28832003000394e-02
   1.31149722443623e+00
   5.94168996657788e-01
   2.27307614649925e-01
   4.43286091585074e-01
   2.73290921835637e-01
   3.87402529648042e-01
   1.02960595956737e-01
   2.50427235626100e+00
   4.62352993536973e-01
   8.78191885102295e-02
   1.64755694656861e+00
   2.77447100829424e-01
   5.32373293190093e-01
   1.06852459940799e-01
   1.05480992642551e+00
   2.68494804808305e+00
   3.10271677527499e+00
   5.94325503434043e-01
   8.92951129504596e-02
   3.58459617616513e-01
   5.12479799792450e-01
   7.83133578503161e-01
   1.10857301103419e+00
   1.66277607650887e+00
   6.34269276191199e-01
   1.87931960209263e-01
   1.20783985277807e+00
   1.59361622636168e-01
   4.88684323676216e-01
   3.32032576792408e-01
   2.29371464200675e-01
   3.21071311528300e-01
   1.15279421661810e+00
   1.27126584421884e-01
   2.22875808453652e+00
   1.16366214727819e+00
   4.88691916124627e-01
   2.03627273030844e-01
   6.75246152278134e-01
   2.72830529332534e-01
   5.27464966813728e-01
   6.70464611534171e-01
   9.37826256583257e-01
   1.24502084497638e+00
   3.97518162486523e-01
   2.31845821584382e-01
   4.10536829610809e-02
   1.27341627661109e+00
   2.30030635323296e+00
   9.21803214074739e-01
   2.04434567810768e+00
   4.15369609938977e-01
   1.43337893255189e+00
   1.56891179660133e-01
   5.08601746982903e-01
   2.00370221010746e-01
   6.67664840907208e-02
   4.96209012107984e-02
   1.71328355799357e+00
   1.33349551315450e+00
   1.14720035282693e+00
   8.34089078195900e-01
   2.92981866720466e-01
   1.52513398221335e+00
   5.88941664002929e-01
   1.76269850796736e+00
   1.25776886099912e+00
   5.00120870973356e-01
   3.16178720920429e-01
   1.09433603166441e-01
   1.82334890234632e+00
   2.00819263069570e-01
   2.36119746442084e-01
   6.73031008920051e-02
   2.56434983037185e-01
   2.42743525396222e-01
   3.14100883133038e-01
   1.87597768560051e-02
   1.06720727722625e+00
   4.77907603433540e-01
   6.58258176847685e-01
   4.25833672600087e-01
   1.34116044398358e-01
   1.20117998297287e+00
   4.19258632297057e-02
   1.22791957815014e+00
   4.55186857417161e-01
   1.05106447708243e+00
   9.75773005204464e-02
   9.44135936451877e-01
   9.91992450978381e-02
   9.17035472364682e-02
   6.47805748162948e-01
   3.99349078164412e-01
   7.03569718994368e-02
   1.46003677775839e+00
   8.91297875769748e-01
   2.63915150828277e-01
   7.11284380037447e-01
   4.81015183409722e-01
   4.56759729820904e-01
   6.19323114588602e-01
   2.64373029560514e-01
   5.94528989539723e-01
   1.55362531144449e-01
   6.10320297465941e-02
   8.09092450343835e-01
   4.86570221423774e-02
   1.20436753278810e-01
   5.42583371729958e-01
   8.03883287854733e-01
   3.03869634210834e+00
   5.07528807037479e-01
   4.98377608071613e-02
   1.26624410565731e-01
   2.02064123211298e-01
   1.35835612227565e+00
   1.43614384946955e+00
   2.17551922286005e-01
   3.58743689994353e-02
   4.84406373097486e-02
   2.25224210848758e+00
   3.60636788430953e-01
   1.79673539300950e-01
   3.10926360455330e-01
   3.35756647818070e-01
   4.07933564864237e-01
   7.96032870297061e-02
   2.74686355504059e+00
   1.08047849626568e+00
   7.13125796252522e-02
   1.66128900514139e+00
   9.15976096941702e-01
   2.99957223490302e-01
   1.22349740821099e-01
   1.12456680022032e+00
   2.68415618177653e+00
   1.67177976307829e+00
   5.28169771547858e-01
   7.84514481255080e-02
   4.44811162227924e-01
   2.19455845386691e-01
   6.44150529534228e-01
   6.54304112357547e-01
   1.51515675593562e+00
   1.26719745632317e+00
   2.66065278796953e-01
   8.32878636376541e-01
   1.81588783332473e-02
   3.60075683993765e-01
   3.24683221751037e-01
   1.24112188300710e-01
   2.84423540742731e-01
   8.06528476200260e-01
   1.30825604681705e-01
   4.71725021685031e-01
   1.30807711435033e+00
   5.33471093917996e-01
   2.68905505813876e-01
   6.98092120182327e-01
   9.46715537172552e-02
   5.26713563342260e-01
   7.28616181804823e-01
   9.54332452306249e-01
   1.18177545821156e+00
   5.65965782296891e-01
   1.27871908125044e-01
   3.02859553570394e-02
   5.39395292904927e-01
   2.16365141892292e+00
   3.69315375880057e-01
   7.75054711777743e-01
   2.07254392436482e-01
   1.31712812876657e+00
   2.15551717323673e-01
   4.88103883432141e-01
   5.15315438419276e-01
   5.71235602983482e-02
   3.46971999346414e-02
   1.64172166939316e+00
   4.53777492973057e-01
   4.54885889880725e-01
   8.02503723870120e-01
   6.79398431756947e-01
   1.09515443047818e+00
   5.36805465540096e-01
   1.84494400485144e+00
   1.23928971339397e+00
   5.48446523195494e-01
   2.77030151592451e-01
   1.49629288887792e-01
   2.04062269700797e+00
   1.25182854300260e-01
   1.46263669458198e-01
   5.84449733902202e-02
   1.65181407160882e-01
   1.81786382090842e-01
   1.93124318945627e-01
   1.39825680399264e-02
   1.27578593140307e+00
   1.49949267856890e-01
   4.18740579341745e-01
   6.84976397971624e-01
   8.82730346445007e-02
   1.16952645528709e+00
   3.65946481354873e-02
   1.24038075334184e+00
   3.33170780300086e-01
   1.04295885814181e+00
   1.02470882625293e-01
   7.70396702234390e-01
   1.30050678426586e-01
   5.24811495722312e-02
   6.34424608261470e-01
   2.92443995914587e-01
   4.35047270282282e-02
   1.24446079572502e+00
   8.96660201048101e-01
   2.70071052784335e-01
   5.59068033517327e-01
   4.76968428757827e-01
   3.78024310821591e-01
   2.01724982347646e-01
   1.98980370324650e-01
   3.67903122088660e-01
   1.18756353123342e-01
   5.03488842885872e-02
   3.74071049372876e-01
   3.86011500526389e-02
   9.92143496315950e-02
   7.21242104831794e-01
   1.18778093462892e+00
   2.89635519643584e+00
   4.47598200771200e-01
   3.96477382753591e-02
   1.08462657611160e-01
   1.90033263694250e-01
   1.36099928455349e+00
   1.48378691839911e+00
   1.49973491151544e-01
   2.14650670019639e-02
   3.92271563592896e-02
   1.35890117645945e+00
   3.44542030069234e-01
   1.34600943731319e-01
   3.29592171679751e-01
   1.92233677525115e-01
   3.34349455393948e-01
   8.87860295051930e-02
   2.45342785457895e+00
   7.22021123188328e-01
   6.76980445801018e-02
   1.61156764912246e+00
   4.43749524019130e-01
   2.97446529770187e-01
   8.87945309001905e-02
   1.10624624694019e+00
   2.58467740233633e+00
   1.30079436646627e+00
   5.44970706244481e-01
   1.07570284736213e-01
   4.65356276984627e-01
   1.24300074750816e-01
   7.15586014026076e-01
   4.42044083988213e-01
   1.72965940848236e+00
   7.32385899700446e-01
   2.00301544105216e-01
   7.51508890031036e-01
   1.36534626828928e-02
   2.96224570752854e-01
   2.79760039710727e-01
   9.53747277330287e-02
   2.20244302244577e-01
   6.47425166575463e-01
   1.04700548062551e-01
   7.34585014820661e-02
   1.31930326128202e+00
   5.04565787403071e-01
   2.14486606179664e-01
   8.59473800766307e-01
   5.96503095322206e-02
   4.56215703237339e-01
   5.94799261882445e-01
   9.08964154812748e-01
   1.17239177646784e+00
   4.07043942391800e-01
   1.05502897931920e-01
   2.47436089103489e-02
   5.32459680715230e-01
   1.96669701813387e+00
   3.32181025984917e-01
   1.82733794766731e-01
   2.03888494498210e-01
   1.46149488173736e+00
   1.24092896547691e-01
   3.32628303928633e-01
   7.70488686915695e-01
   4.13043359479196e-02
   2.76472097657256e-02
   1.64008943212838e+00
   3.40354397382598e-01
   3.72081586568161e-01
   7.82257251107707e-01
   4.37876826195672e-01
   1.25687146236157e+00
   4.67786170309896e-01
   1.84859386110760e+00
   1.11425722545662e+00
   5.28830183925512e-01
   2.51527702094613e-01
   7.57268501570368e-02
   1.89217843314930e+00
   1.01325697305516e-01
   1.22558354227369e-01
   5.07355214080593e-02
   9.03048877560158e-02
   1.38185882089516e-01
   2.01191470121898e-01
   1.12843004128366e-02
   1.19722305767989e+00
   1.15580728951587e-01
   2.95919110971642e-01
   6.52251025086665e-01
   7.40162673339120e-02
   1.12190671847292e+00
   3.14023556333947e-02
   8.35830344382963e-01
   3.07175261315212e-01
   9.84199524083872e-01
   7.51740415697273e-02
   8.11132832645904e-01
   1.27630924566913e-01
   4.18680390866700e-02
   5.42087377499775e-01
   2.23857650333596e-01
   3.29521392017884e-02
   1.07119800778579e+00
   8.68202447447737e-01
   2.66630293797385e-01
   5.27402342331364e-01
   4.63329197463801e-01
   3.77118918423087e-01
   1.96404564455181e-01
   1.40996084002703e-01
   3.42001451399682e-01
   8.96307228405449e-02
   3.75254257487998e-02
   2.93965150723908e-01
   3.10277333764292e-02
   7.49984901542005e-02
   6.77950200715611e-01
   9.97864244103005e-01
   2.84806536913494e+00
   3.73882780760716e-01
   3.09223467883464e-02
   9.01838314850478e-02
   1.64196070637407e-01
   1.37290265979385e+00
   1.37211976566348e+00
   1.15764137088057e-01
   1.29822832880104e-02
   3.26047386087829e-02
   1.44106185416928e+00
   3.31649100650071e-01
   1.16772028782141e-01
   2.18783201399754e-01
   1.91172865599302e-01
   3.18104339823046e-01
   6.27101817515380e-02
   2.32348908539985e+00
   6.67334931339960e-01
   5.56655510539493e-02
   1.55433467816550e+00
   2.33773229235299e-01
   2.82360765032598e-01
   7.34029490832715e-02
   1.09859832058352e+00
   2.58484742268241e+00
   8.28501933261358e-01
   4.06895134324047e-01
   7.18190107653817e-02
   3.71459679619387e-01
   1.02659241568698e-01
   7.04043796146580e-01
   3.56774671128072e-01
   1.75565476399659e+00
   6.02846252752101e-01
   1.21363805608505e-01
   6.82357959321190e-01
   1.20041659318008e-02
   2.81924411314958e-01
   2.47879064806898e-01
   8.21878924266976e-02
   1.98530125902133e-01
   5.26487653178581e-01
   9.00667828965517e-02
   5.73212439128597e-02
   1.29285185963888e+00
   4.80477889864314e-01
   1.97248318378077e-01
   9.21913826214932e-01
   5.07138025170314e-02
   3.79213147154518e-01
   4.97846045286019e-01
   7.45412158302796e-01
   1.17378317923171e+00
   3.16684510408488e-01
   6.92138728735058e-02
   2.21953184898281e-02
   6.49574501033855e-01
   1.98639386490866e+00
   3.10178032345421e-01
   3.43163480124295e-02
   1.71281830413631e-01
   1.35171614160081e+00
   1.61224808089195e-01
   2.91223447998756e-01
   5.06002902081891e-01
   3.55216520943725e-02
   2.26300332734779e-02
   1.55021357086037e+00
   2.88182102391937e-01
   1.57849727892832e-01
   7.38475339619524e-01
   2.96557240309626e-01
   1.12535885490032e+00
   5.67837335670848e-01
   1.90757357267332e+00
   9.68404772157725e-01
   4.76389919577026e-01
   1.55001991979338e-01
   6.62569524873280e-02
   2.04457568490427e+00
   5.38673991453915e-02
   1.27559202639666e-01
   4.57573986389926e-02
   1.79095706080039e-01
   8.25994132542677e-02
   1.92146512419639e-01
   8.30009828943972e-02
   1.10496051651124e+00
   1.26507909023098e-01
   2.46264626835113e-01
   6.68332596980142e-01
   6.64217172370379e-02
   1.04474353973235e+00
   2.68824050645642e-02
   5.72127564631778e-01
   3.24639109351764e-01
   9.75530783433035e-01
   1.60311895371211e+00
   7.42973709073642e-01
   1.44578611326694e-01
   2.94514954018787e-02
   5.32479393732401e-01
   2.79248908143857e-01
   1.55826680640273e-01
   9.75068096264293e-01
   8.40894411321588e-01
   2.68887127871172e-01
   5.10144477978976e-01
   4.21916929302721e-01
   2.31245786833134e-01
   1.59182519567324e-01
   1.00985500391192e-01
   3.89403060065217e-01
   7.37299657725829e-02
   2.96036031329194e-02
   3.37430995197662e-01
   2.13189583146004e-02
   7.07060984921038e-02
   3.26635797771310e-01
   8.44758203283860e-01
   2.68336360531004e+00
   3.38481443647375e-01
   2.55372280519698e-02
   6.05213764819391e-02
   1.50714344692628e-01
   1.39698960537555e+00
   1.28161883708214e+00
   1.05310925484654e-01
   8.48490486802114e-01
   2.89317913369748e-02
   1.49957205109472e+00
   2.65410765295028e-01
   1.76884844335951e-01
   1.46014272411268e-01
   2.71525529226615e-01
   2.80260436244852e-01
   5.98249782407710e-02
   2.36458298849171e+00
   5.26404921562930e-01
   4.94758431796225e-02
   1.56671872579470e+00
   7.06811470202765e-02
   4.14695597776916e-01
   5.50891569697837e-02
   1.14391705592867e+00
   2.32907503071149e+00
   7.51441577292102e-01
   3.43748259392437e-01
   8.01894632091324e-02
   4.51821576446041e-01
   1.04726828282035e-01
   9.36379143830844e-01
   3.51428601615509e-01
   1.72012179548796e+00
   2.04253639425044e+00
   6.09224170676132e-02
   6.20344256663099e-01
   1.31032928746287e+00
   2.26815255222208e-01
   2.33151286435712e-01
   6.66659904263390e-02
   2.56403567718016e-01
   1.03447992767567e+00
   7.99075454531197e-02
   1.43853370470684e-01
   1.43181419235716e+00
   5.62097047699343e-01
   2.09065691783136e-01
   7.15139196584393e-01
   4.21057075905428e-02
   3.20066731234477e-01
   5.31502705992196e-01
   7.79029894945111e-01
   1.20803754321746e+00
   2.64932196562191e-01
   6.63950015831709e-02
   4.48707313035981e-02
   4.80736816542385e-01
   1.53581873587065e+00
   3.18953236138067e-01
   3.93767393906270e-01
   1.69933227957317e-01
   1.22798760482240e+00
   1.37310762185083e-01
   8.09662535592050e-01
   1.13240603214437e+00
   3.01668962092538e-02
   3.11355100587074e-02
   1.71053332068356e+00
   3.67711048228976e-01
   4.97941313870011e-01
   7.29407661138814e-01
   2.63548105722161e-01
   1.32919022443410e+00
   8.52831559935036e-01
   1.99844435291333e+00
   9.40066407346516e-01
   5.43418692124473e-01
   1.49511332095639e-01
   4.96895381390282e-02
   1.90337953104564e+00
   7.47765391113981e-02
   1.60509774700876e-01
   3.92489625905522e-02
   3.05912043445941e-01
   6.67936049471301e-02
   1.55912230953124e-01
   1.86984830312391e-02
   1.03720060132106e+00
   9.92334602715010e-02
   1.82058416920182e-01
   8.02735533142502e-01
   6.48186436268431e-02
   9.62159083995864e-01
   2.90534174885117e-02
   8.43723973819235e-01
   2.52119526172528e-01
   9.76303121507811e-01
   3.41399781930738e-01
   7.53599967385640e-01
   1.39968401476414e-01
   2.30519094506615e-02
   3.93435128611884e-01
   3.35531207625754e-01
   1.35109855859016e-01
   9.58754303170827e-01
   8.48131259240589e-01
   1.94109610553550e-01
   6.50897943109945e-01
   4.69984829663843e-01
   4.21912384384736e-01
   1.23134416644502e-01
   1.11208775424632e-01
   2.57045512950258e-01
   6.37336192814138e-02
   5.39338369106454e-02
   1.60059658718564e-01
   2.08551008117146e-02
   4.85418521894699e-02
   5.43627266809321e-01
   6.77423163876320e-01
   3.85269649640740e+00
   2.66772999706799e-01
   2.06522076595759e-02
   8.43629630961726e-02
   1.19882087619652e-01
   1.32322759230449e+00
   1.17879443898064e+00
   8.38187457028879e-02
   2.00636893981162e-01
   2.60858625916164e-02
   1.47582520433784e+00
   1.97938761309279e-01
   1.52308890645119e-01
   1.28157714889592e-01
   2.21640555904718e-01
   2.39932545489291e-01
   4.61541233115712e-02
   2.05796571005233e+00
   2.43373705038110e+00
   4.05477828605830e-02
   1.56174964618261e+00
   1.78229316639453e-01
   3.28985447198199e-01
   4.50324870824034e-02
   1.11447497181967e+00
   2.15263494350117e+00
   5.84853081179160e-01
   3.59972948968849e-01
   4.91392503056339e-02
   5.29314845685820e-01
   2.61124958345076e-01
   9.88143295165857e-01
   2.70974694699547e-01
   1.50730181467443e+00
   4.48396599595877e-01
   6.95775102642770e-02
   5.37938232140395e-01
   5.17828436936175e-01
   2.04590297741280e-01
   1.92300824989995e-01
   7.74984122037803e-02
   1.50141298199196e-01
   4.96230617866982e-01
   7.07734612042367e-02
   8.70777074472878e-02
   1.12846216298451e+00
   5.02267198202160e-01
   1.98939431603264e-01
   6.19979721961361e-01
   3.76872485152741e-02
   2.70823035517363e-01
   4.95262395447641e-01
   1.09220144435319e+00
   1.18296005622501e+00
   2.57452176463881e-01
   8.53169991410447e-02
   1.08249194382245e-01
   8.52991747361046e-01
   1.70977962968213e+00
   3.35575200061015e-01
   5.79834441227671e-01
   2.68671329365230e-01
   1.18574988681023e+00
   1.81865951840240e-01
   3.19997049490740e-01
   6.96390123634540e-01
   3.24658177227238e-02
   2.10364659782702e-02
   1.60088555033341e+00
   3.37846379801236e-01
   3.61730635969972e-01
   7.17742111512549e-01
   1.82095831591473e-01
   1.37209622345649e+00
   2.75203318087026e-01
   1.93206266912716e+00
   8.76745074081487e-01
   5.10778476449143e-01
   2.07134137668287e-01
   4.81767262495763e-02
   1.63511101863564e+00
   6.81677521824492e-02
   1.42597141216346e-01
   3.86555036240807e-02
   1.59826596460654e-01
   5.93541345681278e-02
   2.19549184549379e-01
   1.38265877339880e-02
   7.58306635551162e-01
   2.30635100310564e-01
   1.42541945454613e-01
   8.03668787904328e-01
   5.59209103644855e-02
   1.01118477670719e+00
   2.12685704211042e-02
   3.88018523711104e-01
   2.65946557086403e-01
   8.99226136476303e-01
   2.98761840214461e-01
   8.06057362687792e-01
   9.78272968999297e-02
   1.88793579088756e-02
   3.72707749301216e-01
   1.66761196619078e-01
   4.80892061840592e-02
   8.88375560244549e-01
   8.61199524647931e-01
   2.86035524328621e-01
   6.26106968853031e-01
   4.53277683642206e-01
   2.90161780354035e-01
   1.60321019701516e-01
   8.05118506687529e-02
   4.20734407151769e-01
   4.71467262974540e-02
   2.61804722733681e-02
   1.43097549219029e-01
   1.86688831319853e-02
   4.36928403147324e-02
   4.66501404103239e-01
   5.62329010212698e-01
   2.89371203473503e+00
   2.53194910123495e-01
   2.03189947397647e-02
   5.80435856141142e-02
   9.95277357091144e-02
   1.31632508492313e+00
   1.07324693265061e+00
   8.13951033332118e-02
   8.58634277191640e-02
   2.15899239857755e-02
   1.32181532088329e+00
   2.57563937057818e-01
   1.04997400926922e-01
   1.16014216631755e-01
   2.04889846662047e-01
   3.08580043703855e-01
   4.64180049725455e-02
   2.18061220013016e+00
   8.23751072380574e-01
   3.80397158261061e-02
   1.51614918122994e+00
   1.66136468058154e-01
   2.27575384000163e-01
   4.11671152015516e-02
   1.05835140986474e+00
   2.40046556712715e+00
   3.93357159263867e-01
   2.68309402505615e-01
   4.91423476298733e-02
   3.06104557306278e-01
   1.06241453741724e-01
   7.83996530435264e-01
   2.45416593064750e-01
   1.65911248386368e+00
   3.80382153441306e-01
   3.93933122950573e-02
   5.58434045264702e-01
   4.63944764606010e-01
   1.26985377873551e-01
   2.13255694991132e-01
   5.60830135838167e-02
   1.37104766792836e-01
   6.62072511186844e-01
   6.03609714166816e-02
   5.58888348432027e-02
   1.33443346656232e+00
   4.77258235969602e-01
   2.93698566518899e-01
   6.04371143809759e-01
   2.98963763703537e-02
   2.37781678038616e-01
   2.89698174580443e-01
   5.64730945170247e-01
   1.15579220002145e+00
   2.03048758889330e-01
   5.34989381855689e-02
   4.50746933866154e-02
   4.42565933814114e-01
   1.42697155475667e+00
   2.51092539678600e-01
   5.51656554358992e-01
   1.85430887573338e-01
   1.15258825298816e+00
   1.19231584509751e-01
   2.18676772077000e-01
   6.73111413127244e-01
   3.19212652077710e-02
   1.66880972414809e-02
   1.46591652085604e+00
   1.76113385967952e-01
   3.71857817228191e-01
   6.58975950802167e-01
   1.25864972051579e-01
   1.43442063370863e+00
   2.48740676266691e-01
   1.99519066663862e+00
   8.29423802232477e-01
   4.99753159008038e-01
   1.84390363012503e-01
   4.56354253988193e-02
   1.63991278934083e+00
   5.42220631842596e-02
   1.19261678475655e-01
   3.55624354891973e-02
   1.04732767928580e-01
   5.32802654315376e-02
   1.56452017185499e-01
   1.04138985450337e-02
   7.25283517379763e-01
   8.76814779011374e-02
   1.16571407593382e-01
   7.41462667749120e-01
   4.36173148575294e-02
   1.02818775033025e+00
   1.80558185009422e-02
   3.16556828189920e-01
   1.95800434136431e-01
   9.08082493268038e-01
   2.08656725759917e-01
   7.97465084535926e-01
   1.07825038469597e-01
   1.60223031759035e-02
   3.99706867361080e-01
   1.51692513384575e-01
   2.75690292516900e-02
   8.48771417203129e-01
   9.03622967277867e-01
   1.72163482028334e-01
   5.42957300459507e-01
   4.36375913933828e-01
   3.53424094868993e-01
   1.52386439513753e-01
   6.01647586950520e-02
   2.98878409769177e-01
   3.84544701191470e-02
   1.91971162610560e-02
   1.22197162958113e-01
   1.61330762343409e-02
   3.65104805963213e-02
   4.60141796750949e-01
   4.27509770447589e-01
   2.56075835577573e+00
   2.38264852198030e-01
   1.64497971047951e-02
   4.86805630327231e-02
   8.02439102377901e-02
   1.31956480639376e+00
   1.03558958284989e+00
   7.34552801595756e-02
   4.70304653714512e-02
   1.89021913831366e-02
   1.65345504041136e+00
   2.33132500986636e-01
   9.47551831947712e-02
   1.07756838552280e-01
   1.43622690465729e-01
   2.04087919602494e-01
   4.59500954535109e-02
   1.88561400300823e+00
   6.20736573269397e-01
   3.46200686862468e-02
   1.47957524120210e+00
   4.82332881777228e-02
   2.09577367956036e-01
   2.99781807338535e-02
   1.04187856353186e+00
   2.20521136585437e+00
   4.37626000449971e-01
   2.45322782381958e-01
   5.08795011786738e-02
   4.18804359168072e-01
   7.69085607154558e-02
   3.63667905004240e-01
   2.58547144116270e-01
   1.53505959051337e+00
   3.51270523433635e-01
   3.44871753291035e-02
   4.55129169407144e-01
   5.66779527371332e-01
   1.02795210416349e-01
   1.98857984402318e-01
   4.77438163527075e-02
   1.12777334900077e-01
   5.88947496918913e-01
   5.37799638529876e-02
   3.34346799372536e-02
   1.37236730507739e+00
   4.47694701604290e-01
   2.82627734285844e-01
   5.92556512376900e-01
   2.30644599203032e-02
   2.20116541642074e-01
   2.38573018690707e-01
