   6.29241120857419e-01   3.54508877593228e-01   6.79811010457448e-02   4.51099586399350e-01   3.78099664322742e-01  -5.08150468606386e-01  -2.03643445767472e-01   3.83585502070701e-01  -2.96776206014058e-01   2.67781600162618e-01
  -6.96387623984225e-01  -1.44132153334682e-01  -6.37270620177230e-01   6.83368913737693e-01  -5.28785662285950e-01   2.86361884426963e-01   3.19763364220702e-01   3.22549427837129e-01   6.09008368456647e-01  -1.87522448858485e-01
  -7.86937294069532e-01   2.62666902195794e-01  -7.37365503351379e-01   8.48106421047896e-01  -4.01585788772117e-01   2.20592078717152e-01   4.72101900781826e-03   8.17832106477124e-02  -4.15330413704445e-01  -2.16355330667151e-01
  -2.74997967290075e-01   3.51093366957015e-01  -3.16343688839178e-01  -2.36689092759742e-02   2.36199931741432e-01   1.82084645995066e-02   7.57705871875853e-01   8.30653250038860e-01   2.39405636212692e-01   1.58267196817994e-01
  -2.59348907780958e-01  -5.92726049043071e-01  -3.35945290884572e-01  -2.80904094030612e-01  -4.62792985490552e-01   4.56035677406970e-01   5.71231742445133e-02   1.16748217962356e+00   1.20078451380472e-01   3.75413502943431e-01
  -3.79662149452131e-02   5.93132116321485e-01   4.11485154940863e-01   5.91962298758939e-01   5.45869383437819e-02  -1.49791214829994e-03   1.23805171514169e-01  -2.83886795874838e-01   6.57451461740108e-01  -1.19702503056438e-01
  -5.29863049396381e-02   2.64853482985061e-01   5.74103631476452e-01  -3.95248020142316e-01   6.28397455435915e-01   3.26089171370968e-01  -7.31888086293699e-01   3.89712541959843e-01  -1.53317998909354e-01  -2.23572804103602e-01
  -3.45217745752165e-02  -8.21510759683577e-03   4.88732998387612e-01   8.03120875107445e-01  -8.36361188092692e-02  -1.34735815369149e-01   7.47894376206570e-02   2.28712729385011e-03   2.19331866010730e-01  -2.27553741034515e-01
   6.55856670088677e-01   5.50254639742563e-01   1.04116695971634e+00  -1.47462725947128e+00  -1.02175366085309e-01  -2.57557927257517e-01   4.20411907415873e-01   8.70472378734404e-02   7.86718656959040e-01   4.71918676955104e-01
   3.94990060856633e-01  -6.51299201143437e-01   5.16685001244204e-01   3.72855467893547e-02  -5.38494801704547e-01  -2.72886603889699e-01  -3.06193476128245e-01  -4.91467693445445e-01   3.05094084839693e-01   7.21472997504587e-01
  -5.46142547105489e-02  -5.37463758864311e-01   2.55180239499824e-01   5.48927070021733e-02   5.85081952668754e-01   5.71690690197773e-01   7.46486935860288e-01  -7.59346714026915e-01  -2.58235532623531e-01  -4.96618414732925e-01
  -2.60379550330805e-02   7.05482216021216e-02   6.78756291288726e-01   6.70946938279303e-01   1.79462010130705e-01  -6.79081863853019e-01  -6.33256833332036e-01  -3.82803735922279e-01  -2.47322361429015e-02   1.17421271564773e-01
   4.28827739151006e-01   7.90633854597317e-01   1.17060034066899e-01  -1.09678157892261e-02  -3.21081834012016e-01  -5.04202418052275e-01   2.06341651622393e-01  -5.33281673253150e-02   9.82932468840650e-01   7.66569062442337e-02
   1.21594760090506e-01  -4.30429767957530e-02   5.01328866869822e-01  -3.41157118447023e-01   4.12641979715536e-02  -4.39565699629335e-02  -3.72625192532652e-01   3.41366072335905e-01   1.15304059713518e+00  -1.21492637695485e-01
   5.34539411090992e-01  -2.97843158274390e-01  -3.76440525941066e-01   2.29425911799028e-02  -2.59919215329554e-01  -2.99911544043172e-02  -1.07888489794345e-01   8.13457319771867e-01   1.42355669816827e-01   8.54472110959349e-02
   3.61421189708795e-01   9.30492568153038e-02  -6.33865701395155e-02  -2.81716124843540e-01   1.75612156702515e-01  -2.79899257530901e-03   1.02766564942270e+00  -7.40543307262888e-03  -5.88601764470293e-01   3.62549643418829e-01
   8.75362577899750e-01   7.62297946130004e-02   6.33763777962503e-01  -6.44164938994833e-01  -8.34692524312306e-02   2.67218815973935e-01   8.20925290947857e-01   1.64621293447918e-01  -3.29515090554639e-01  -8.07371980555430e-01
  -1.46203596246306e+00   4.31159517930697e-01   9.91935697623317e-02  -6.76434676814050e-01   6.43652443410352e-01   5.54886573176081e-01  -1.99528175764282e-01   5.62031107239140e-01  -1.05458517187893e-02   5.35792683709392e-01
   1.39845194927078e-01  -4.17706382642616e-01  -8.38409190344234e-01  -2.03495476716207e-01   3.54781077117136e-01   1.00259663855309e+00  -2.96068681785236e-01  -6.14337694519211e-01   4.01246717616951e-01  -4.76426662001239e-01
   3.12172352561018e-01   5.01170851395750e-01  -8.84992732578783e-02  -3.85775192393981e-02  -1.55182311654661e-01   4.38589710906920e-01  -6.84885324571620e-01  -5.65950395546018e-01  -2.49511891626963e-01   1.91035106214750e-02
  -3.04526358528059e-01   1.54918032998152e-02   3.93745228112276e-02   7.69768190716118e-01  -1.00273573884911e-01   1.00194079787091e+00  -6.16038097935065e-01  -6.26704637154847e-01   1.55479935267156e-01  -2.27975057080241e-01
   9.52599912149518e-01  -1.89572616066788e-01  -3.79957279883228e-01   4.92536065636118e-03   1.33690950663433e-01   5.96163226421569e-01  -5.99845117333957e-01  -1.16785680843648e-01   3.42243328880597e-01   2.06576541760831e-01
  -2.37009884348318e-01  -6.20992463916073e-01   1.77915360539862e-01  -4.31733101582135e-01  -9.39502829521923e-01  -2.74187051439583e-01   7.48529523730585e-01   8.82717620234168e-02  -1.92972066046402e-01   3.89963630271074e-01
   1.91948103291806e-01  -8.60493514191505e-01   8.60991489202455e-01   5.60866245690392e-01   9.67106484962081e-02   1.01184270455205e-01   3.25412405210546e-01   2.31514919601449e-01   1.31589686916821e-01  -6.55493049824717e-01
   5.68948018368291e-01   3.25139676111429e-01   3.68387715025926e-01   3.33468927647461e-01   2.74942085162525e-01   8.58686410256742e-01  -1.08317298616842e-01  -2.29451600464604e-01   6.52633596505229e-01  -2.66746424827517e-01
  -5.95657740080377e-01   5.99297335353503e-01   7.01760721423641e-01  -5.80083985970595e-01   2.42690205251732e-01  -2.97012331960590e-01   3.01792286293241e-01  -2.46638691323837e-01  -3.47990557351299e-01  -5.31077903844724e-01
   6.39535198581326e-01   7.34449014450092e-02  -2.96308999422462e-01   2.61010783419106e-01  -1.07671036336642e+00   6.46649210657746e-02   2.46005862138525e-02   3.04837489442225e-01   6.47551685843750e-01   5.72927552382774e-02
   7.41779088664359e-02   2.25447205088988e-01   1.09723315181751e-01   4.47445649369818e-01  -4.76263816214518e-02  -1.17805253305252e-01   3.65692026379967e-01   1.24340790623531e+00  -2.26512034125082e-01   2.67141813991520e-01
  -3.54958963247673e-01  -1.12821806371858e-01   3.55058441549176e-01   1.62443794256806e-01  -4.48202372223273e-01  -3.49444039662623e-01   5.08084129689525e-01   6.90533921070363e-02   2.56559643424901e-01  -3.87041210134108e-01
   3.05881277694549e-01  -4.61568214013740e-01   1.00801682560585e-01  -7.82423719220895e-02   2.18623425527756e-01   5.97080026553656e-02  -2.73493494078260e-01   2.30275624801254e-01   7.25038462831732e-01  -4.91244089788042e-01
   1.05629704406788e-01   1.27981117589957e+00  -5.11601261910860e-02   3.62571969465739e-01   5.23943170511457e-01  -9.45955283025769e-02  -3.22003929221594e-01   2.01590022037142e-03  -5.08701322968663e-01  -1.75317620337138e-01
  -2.58148646808004e-01  -9.05775622325043e-01   1.13420805727058e-01  -2.61857650787847e-01   5.89919003497537e-01  -7.19314957302905e-01   1.83050456648939e-01   8.33485821285782e-03  -4.64884367835572e-01  -2.91255596771337e-02
   4.65034979470027e-01  -9.75261816473363e-02  -5.21746917776308e-01   5.12036648232059e-01   2.88656118802427e-01  -1.83130231237634e-01  -9.42508763197473e-01  -1.31546023518340e-01   9.16548297635336e-01  -4.39546062055118e-01
   3.61589611014325e-01   8.95978913622731e-02   9.55583506824903e-02  -1.49673905530242e-01  -3.88375789696395e-01  -4.79213260685651e-01   6.43990284158274e-02   1.37757585800845e-01  -1.00826033299184e+00   8.55996501116175e-01
   8.07666689990973e-01   8.93999219249543e-01   7.25210859476826e-02   6.04415270385930e-01   3.15870517874917e-01  -6.72192164149087e-01   1.88106934112848e-01  -3.91966645140852e-01  -2.02543019429792e-01   2.11685411508878e-01
  -2.99805341284021e-01   4.19549737451006e-01  -3.96515771358379e-01   2.08033668916989e-01   6.09665361118801e-02   3.14869427718449e-02   3.16047714051689e-01  -3.99936594866050e-01   7.30620436151550e-02   3.28417161269906e-03
   2.96734878056756e-01  -8.20185470924450e-01  -1.08635009969358e+00  -8.77529527871195e-01  -1.43897631873739e-01   4.62640601405145e-01   1.74391644679108e-01   5.68512490589490e-01  -1.37768889742728e-01  -4.64274640961670e-01
   1.02674003139764e+00  -5.62906432289536e-01   5.38113134245240e-02   4.43673267633289e-01   4.37160364526852e-01  -3.66952176765097e-01  -1.16669805625973e+00   8.68251696948176e-01  -1.15519897196566e-02   2.79086348364573e-03
  -1.76034304115320e-01   3.26559042422053e-01   1.31280832244303e-01   1.01441113606150e-02  -2.68294575951198e-01   2.57338639408736e-01   1.57544957067583e-01  -2.62187824184927e-01   8.76447026485398e-02   7.14428448235024e-01
   3.34761926244188e-01  -9.94918412661078e-01  -1.43044322177738e-01   7.68302711027255e-01  -1.84241848569291e-01   1.89808491438180e-01   3.78327789627221e-01   4.87971561885442e-01   6.59431765635481e-02   1.89695150861091e-01
   1.46041279465153e-01  -2.57666314742600e-01   3.68069571211420e-01   1.62057484141260e-01   1.15701148180418e-01  -4.45341092814091e-01   1.61092850912703e-01  -7.98123001969272e-02  -9.37902608994073e-01  -7.85650836356222e-02
  -2.25443665505483e-01  -5.06582931234695e-01  -2.13124343781014e-01  -5.50898349181861e-01   2.85937521791411e-01   7.42861067982388e-01   9.33097482011238e-01  -2.35584826517516e-01   7.55495654515743e-01  -2.23982725507948e-01
  -5.63759981010511e-01   6.98741823266689e-01   4.33992230764200e-01   3.84566729483675e-01   2.22287899603982e-01  -3.42939653516664e-01  -7.57698292486300e-02  -1.15452552315492e-01   4.53514603865063e-01   1.01834359565720e+00
  -3.64513455047567e-01  -6.96404982046543e-01  -1.51419924242175e-01  -6.21823568668714e-01  -3.95406064716330e-01  -3.90886517961110e-01   8.48197028732924e-02  -7.57229271203202e-02  -7.77370626729161e-01   4.31130527627304e-01
  -9.73968148996708e-02   3.61769673240481e-01   5.66291527644610e-02   3.04684609836580e-01  -4.53279573681939e-01   6.19899302341293e-02  -3.19429004603764e-01   5.43079657124510e-02   4.72757588170217e-01  -9.34821273332303e-02
   7.60437727136451e-02   3.18542508193527e-01  -1.29428927800990e-01  -8.89905499207725e-01   2.63383383651972e-02  -8.46401850678221e-01   9.67676722568579e-02  -4.80077303838075e-01   1.81903873092021e-01  -1.28015923295329e-01
   4.14924788709510e-01  -1.37631572645207e-01   3.78224757989142e-01   4.95682762813216e-01   6.78435003972098e-01  -2.90203345705239e-01  -7.90163393447825e-02   3.80459646970271e-01   8.12108382858546e-01  -6.02075317987848e-01
   3.68786587190052e-01   4.26400616613094e-01  -1.34364390260216e-01   5.56940091325595e-01   4.54629370469674e-01   9.10665746983981e-01   4.99362083564574e-02  -1.04177071696949e+00  -7.35458555759224e-02   3.40798937502769e-01
  -1.28000870100102e-01  -2.32685293553563e-01   4.26323591455302e-01  -9.36426752430062e-02  -7.83475553777870e-01   7.24687246233907e-01  -6.11034814681578e-01   3.84398694805503e-02  -5.17912324784059e-01   4.66046360243047e-01
   7.33255727899026e-01   1.16087294417034e-01  -1.52875780135292e-01  -3.78394067952136e-01  -3.27673534141853e-01   2.11280786155489e-01  -1.01810645439803e-01   7.92825756193768e-01   1.76091871994030e-01  -2.05472159132320e-01
