   2.56198347107438e-01
   3.80165289256198e-01
   4.46280991735537e-01
   4.62809917355372e-01
   4.71074380165289e-01
   4.79338842975207e-01
   4.62809917355372e-01
   4.46280991735537e-01
   4.46280991735537e-01
   4.46280991735537e-01
   4.38016528925620e-01
   4.38016528925620e-01
   4.46280991735537e-01
   4.46280991735537e-01
   4.46280991735537e-01
   4.62809917355372e-01
   4.62809917355372e-01
   4.62809917355372e-01
   4.62809917355372e-01
   4.62809917355372e-01
   4.62809917355372e-01
