   2.49810829674355e+00
   1.95814518937322e+00
   1.82940107348604e+00
   1.76178903116956e+00
   1.69265549979192e+00
   1.71837730955756e+00
   1.69048933092228e+00
   1.59379710389075e+00
   1.87475581082259e+00
   1.61039446863831e+00
   1.69318069293804e+00
   1.49039554038860e+00
   1.47914339734944e+00
   1.64963092679400e+00
   1.57868620466674e+00
   1.65588184399032e+00
   1.43182528023514e+00
   1.61909201199110e+00
   1.58085364274523e+00
   1.57458035989520e+00
   1.72469966237400e+00
   1.57778556021733e+00
   1.71098181023216e+00
   1.73201737460548e+00
   1.62350399062964e+00
   1.72324925679077e+00
   1.48374737442436e+00
   1.55597029144343e+00
   1.61092339205437e+00
   1.70031848951194e+00
   1.52580639108762e+00
   1.49211570671510e+00
   1.39489800334297e+00
   1.47724971811415e+00
   1.38854865800750e+00
   1.43539122656534e+00
   1.57101154142235e+00
   1.58882647373656e+00
   1.55560448769601e+00
   1.56556352491425e+00
   1.57506083079266e+00
   1.59655606363777e+00
   1.39411858811991e+00
   1.45378671242094e+00
   1.45804521533351e+00
   1.44265734565444e+00
   1.36456022568648e+00
   1.76089526635992e+00
   1.33385711735782e+00
   1.48909158935980e+00
   1.46884612987522e+00
   1.45007749458461e+00
   1.54722039151885e+00
   1.36922582512394e+00
   1.43613274410914e+00
   1.55748612745763e+00
   1.49428008904831e+00
   1.84460236352547e+00
   1.50336590344096e+00
   1.48759009577719e+00
   1.62596402873483e+00
   1.46473946652323e+00
   1.35384698906695e+00
   1.51808382063551e+00
   1.35074831755821e+00
   1.53590862800271e+00
   1.43716201815233e+00
   1.46521794986642e+00
   1.56743714318583e+00
   1.35841456194784e+00
   1.55342262969312e+00
   1.52143733543995e+00
   1.23079518724154e+00
   1.41112011511823e+00
   1.42751463513120e+00
   1.46155339313037e+00
   1.43393946418096e+00
   1.37810208803181e+00
   1.58841248162982e+00
   1.45144876175493e+00
   1.39772098867765e+00
   1.43633352087313e+00
   1.42477061820995e+00
   1.49727986354240e+00
   1.36250759590243e+00
   1.42135032395531e+00
   1.41390763234955e+00
   1.58345274227538e+00
   1.36976329255168e+00
   1.47468566806446e+00
   1.42008037714757e+00
   1.46113458479568e+00
   1.37941094532849e+00
   1.39507962029810e+00
   1.46644984909850e+00
   1.57837636340025e+00
   1.47613930565703e+00
   1.35844360261674e+00
   1.26558996233104e+00
   1.37070297152351e+00
   1.38376189538514e+00
   1.50455062976961e+00
   1.39858046465669e+00
   1.32679729817136e+00
   1.30952639355823e+00
   1.31458477556118e+00
   1.30651520659860e+00
   1.38545531042834e+00
   1.34506461157783e+00
   1.47645988051011e+00
   1.30071205179446e+00
   1.42908709191447e+00
   1.37786292801752e+00
   1.50194790490360e+00
   1.54049811923359e+00
   1.36022567501904e+00
   1.32222571721729e+00
   1.38364543521734e+00
   1.48204813358273e+00
   1.40989879878680e+00
   1.39750841004944e+00
   1.44143209954946e+00
   1.31693961497548e+00
   1.43960042677146e+00
   1.51051962780826e+00
   1.41173479043159e+00
   1.40856540866285e+00
   1.39560695998941e+00
   1.26169944713668e+00
   1.43682640060026e+00
   1.40214715723565e+00
   1.36607094783076e+00
   1.30261149010492e+00
   1.25572588915066e+00
   1.23381850675430e+00
   1.25040683083913e+00
   1.40239545091251e+00
   1.41637376395337e+00
   1.28351942378482e+00
   1.44793496127329e+00
   1.51364460543678e+00
   1.31476271881638e+00
   1.36367262098448e+00
   1.49621018594135e+00
   1.44206356031210e+00
   1.35184776021705e+00
   1.32461001887604e+00
   1.36565501578480e+00
   1.47504996516087e+00
   1.29378839666852e+00
   1.36035496411730e+00
   1.23425789301170e+00
   1.46987761311340e+00
   1.46158675573732e+00
   1.27998101923028e+00
   1.50964750789576e+00
   1.37313657268092e+00
   1.35110109971523e+00
   1.30358673530292e+00
   1.55180746193649e+00
   1.43047763107679e+00
   1.24348752966296e+00
   1.40604967173815e+00
   1.45893821102715e+00
   1.36643586998671e+00
   1.30413363440981e+00
   1.42677329101986e+00
   1.39213606129620e+00
   1.41171653451742e+00
   1.47978706680063e+00
   1.37469648967385e+00
   1.16561094878629e+00
   1.33945951793959e+00
   1.35979558204314e+00
   1.39522410524399e+00
   1.32380508774105e+00
   1.33168793974793e+00
   1.29644571666357e+00
   1.22263501933870e+00
   1.36619202709809e+00
   1.33782741426881e+00
   1.39261010323182e+00
   1.29408306955312e+00
   1.44527013457382e+00
   1.43456370726045e+00
   1.27444426387140e+00
   1.26430247899886e+00
   1.42950264212876e+00
   1.41800137405553e+00
   1.26474357321735e+00
   1.32528489497154e+00
   1.32717936694835e+00
   1.31281691741587e+00
   1.60393775620940e+00
   1.35924254079677e+00
   1.60515623839133e+00
   1.39833194498001e+00
   1.33287736706959e+00
   1.32970991635561e+00
   1.41307569127098e+00
   1.42639791599692e+00
