   3.32768076046090e+00
   2.09892894242081e+00
   2.61239222372081e+00
   1.71834147193810e+00
   2.68601059503029e+00
   2.18772593900841e+00
   3.80279081777327e+00
   2.38449030517499e+00
   1.84287375426964e+00
   9.92707917962521e-01
   1.88014369495582e+00
   1.55522589687885e+00
   1.86188796644855e+00
   2.66404415129326e+00
   1.74865454362692e+00
   1.77072450431230e+00
   3.21687661678565e+00
   2.30708544932890e+00
   1.82558421915490e+00
   2.21532693302194e+00
   2.87957823418863e+00
   2.67015275922449e+00
   3.05532285450228e+00
   1.06390567288994e+00
   3.13931699648504e+00
   2.47084015813201e+00
   2.46077687785599e+00
   1.07430482619602e+00
   3.10576530598161e+00
   1.55574343669433e+00
   1.75587382115814e+00
   1.01346787729510e+00
   2.24881956452473e+00
   1.12093239251451e+00
   9.41986124226755e-01
   1.88245161177915e+00
   2.87123222509908e+00
   1.73132243780117e+00
   2.88377227383114e+00
   2.39167780832596e+00
   2.76943923532503e+00
   4.56567945983448e+00
   9.86032655198731e-01
   2.82723791326778e+00
   1.11926197725764e+00
   3.92995356352167e+00
   2.45415597707658e+00
   3.95122702345654e+00
   2.36128315662925e+00
   1.18721476500079e+00
   2.50886397254486e+00
   2.05145342349959e+00
   1.77758773844926e+00
   2.93296931460553e+00
   2.51832344398177e+00
   8.52666259953319e-01
   2.03664597011267e+00
   2.54740160934994e+00
   1.89915787293257e+00
   1.47193588986824e+00
   2.09842992395109e+00
   1.33408155876191e+00
   2.65838315925075e+00
   2.31834895400300e+00
   2.42758216713331e+00
   2.09610237671749e+00
   1.24602945945543e+00
   2.34115756402332e+00
   2.02061813338188e+00
   4.09017933327378e+00
   2.43391271780362e+00
   1.64452745983880e+00
   1.39549265400619e+00
   1.42738496607676e+00
   1.96439045725834e+00
   2.08754277596848e+00
   1.60246761782861e+00
   1.79817590040231e+00
   1.88118232077453e+00
   2.08491476999111e+00
   1.31246526170018e+00
   1.92967568297224e+00
   2.91136544114762e+00
   1.51866497048309e+00
   1.18964213266516e+00
   1.09137725907487e+00
   2.82892594739725e+00
   2.22530139307108e+00
   1.06578909972940e+00
   2.09333025357795e+00
   2.43916518925102e+00
   1.39814983985352e+00
   1.43343961695942e+00
   3.88720957663676e+00
   3.45676024318086e+00
   2.41771912020248e+00
   2.87056211802192e+00
   8.75203442816215e-01
   7.56084066230148e-01
   1.78176646914710e+00
   1.61649060594062e+00
   1.56432893911918e+00
   1.98317472179307e+00
   2.11918798928914e+00
   2.01799547609690e+00
   3.14398918322170e+00
   1.92078283215310e+00
   2.33289071161605e+00
   3.94413740390090e+00
   1.73298543205684e+00
   1.97224582093561e+00
   1.52352968312149e+00
   2.30587688252790e+00
   1.09387806764549e+00
   1.48689728364547e+00
   2.15623394054469e+00
   1.70662981333917e+00
   2.05718437993751e+00
   1.46965689373486e+00
   2.56483198414079e+00
   1.89333974343331e+00
   2.63984357708034e+00
   1.74655753593233e+00
   1.98903887338873e+00
   1.47646667541057e+00
   2.28593922143485e+00
   1.80338355264172e+00
   2.79210910993659e+00
   1.50214978965998e+00
   1.70693032336493e+00
   1.00350731089491e+00
   1.67581342488847e+00
   9.11745037305397e-01
   1.23562085867630e+00
   1.81718135247184e+00
   9.22543196570827e-01
   7.32742084410790e-01
   2.93726142866348e+00
   1.70951983186809e+00
   1.50967165916474e+00
   1.77309176347191e+00
   2.51623967791726e+00
   2.30295649067207e+00
   2.57358678844360e+00
   9.23898023414629e-01
   2.45606298828603e+00
   2.09128962000816e+00
   1.67356638378991e+00
   9.93422429470206e-01
   2.43586647523261e+00
   1.55590744696375e+00
   1.54932784185830e+00
   6.97563584795732e-01
   1.80824981053921e+00
   1.26532475627667e+00
   7.82554278771609e-01
   1.64802982911086e+00
   2.14646324944987e+00
   1.05406820962585e+00
   1.94663679833974e+00
   1.85408270283962e+00
   2.21900818672259e+00
   2.93680345121248e+00
   9.09074750683091e-01
   2.59660716484633e+00
   8.61649491625575e-01
   2.77784116832912e+00
   1.98265444479376e+00
   3.07477706810139e+00
   2.02945275160467e+00
   1.18027747131484e+00
   2.02444341333118e+00
   1.95155790066356e+00
   1.69308982174571e+00
   2.64884487599315e+00
   2.14125866126909e+00
   8.54142422385110e-01
   1.97790295156642e+00
   2.27175613068953e+00
   1.80298343052936e+00
   1.22796796437402e+00
   1.86036032353056e+00
   8.81471983509068e-01
   1.89221153884574e+00
   1.64605732409523e+00
   2.12761880813682e+00
   1.87651132523350e+00
   1.06022361865102e+00
   2.21603308713778e+00
   1.75631335396188e+00
   3.62678889152097e+00
   2.26708446477062e+00
   1.40074123890981e+00
   1.13905893670879e+00
   1.22835226513846e+00
   1.70772645243180e+00
   1.72328177593544e+00
   1.50617953249129e+00
   1.58926841146110e+00
   1.69529030970345e+00
   1.73714071118652e+00
   1.01440389069170e+00
   1.69372261953347e+00
   2.44149955490290e+00
   1.36749781879437e+00
   1.17032929733525e+00
   9.78061367321746e-01
   2.42235361264132e+00
   2.03798905382744e+00
   1.00940503368309e+00
   2.11645507950784e+00
   2.09686943944071e+00
   1.10967882946679e+00
   1.19508128280269e+00
   3.55277754035050e+00
   3.18757272772751e+00
   2.46649753254662e+00
   2.69770751813860e+00
   8.79412304851924e-01
   7.57545183460774e-01
   1.57754954025796e+00
   1.25094132463053e+00
   1.62133270671057e+00
   1.81278475763757e+00
   2.02916337957673e+00
   1.72955460881840e+00
   2.75509264660198e+00
   1.77489272307805e+00
   2.22159515073286e+00
   3.53231617377326e+00
   1.56407237040374e+00
   1.86987942481766e+00
   1.35729493231805e+00
   1.88426622805058e+00
   1.06648916971142e+00
   1.31208829676463e+00
   2.04670453497280e+00
   1.50686225716270e+00
   1.96301303540396e+00
   1.40880727155663e+00
   2.27912850127230e+00
   1.52540821847792e+00
   2.44958413422504e+00
   1.62005169561649e+00
   1.87732086501454e+00
   1.40298768752485e+00
   2.12619475178827e+00
   1.76975095204475e+00
   2.73338808875965e+00
   1.30855913060207e+00
   1.58453145925606e+00
   9.42320134687794e-01
   1.74406985841128e+00
   8.58337443143747e-01
   1.08440040184731e+00
   1.65996497636784e+00
   8.54537742224311e-01
   6.59544256273345e-01
   2.85191451068704e+00
   1.65281192241698e+00
   1.38358024935240e+00
   1.62961900854806e+00
   2.34388001294512e+00
   2.16212502843402e+00
   2.53840879447241e+00
   9.94653784469770e-01
   2.35462265383870e+00
   2.04346490505265e+00
   1.57505297018986e+00
   9.45488808604604e-01
   2.29694677165447e+00
   1.51222254530092e+00
   1.42041895908470e+00
   6.66427883666333e-01
   1.64344999595617e+00
   1.26712852837277e+00
   7.30742279222722e-01
   1.55956084178349e+00
   2.04752912124978e+00
   9.94714379963079e-01
   1.73357528103912e+00
   1.75213405423990e+00
   1.99060190174000e+00
   2.62411575827829e+00
   8.67041029276939e-01
   2.49713898169552e+00
   8.18511999583769e-01
   2.49349796160548e+00
   1.80569358802156e+00
   2.86059350541863e+00
   1.91525360455346e+00
   1.18108212312980e+00
   1.90094374742681e+00
   1.81588416025581e+00
   1.63401167037158e+00
   2.66793185841646e+00
   1.96265047429326e+00
   8.42898895795824e-01
   1.93027796683221e+00
   2.22376085331911e+00
   1.78208734666911e+00
   1.13936223688405e+00
   1.75292343971324e+00
   8.50187843349530e-01
   1.69892885911997e+00
   1.54270738653867e+00
   1.97699915178033e+00
   1.79925598723744e+00
   9.91908110530809e-01
   2.21997731348011e+00
   1.65031278224021e+00
   3.38588967759970e+00
   2.26511451608870e+00
   1.33421732939135e+00
   1.19830165672689e+00
   1.20355299457118e+00
   1.57923596833366e+00
   1.67232544270392e+00
   1.46933500017540e+00
   1.49036852121278e+00
   1.52261407760633e+00
   1.61706851875913e+00
   9.28642269926626e-01
   1.55453127796528e+00
   2.26050645585363e+00
   1.31252382883748e+00
   1.17886347278959e+00
   9.38702870948739e-01
   2.25781660135976e+00
   1.93638744722078e+00
   9.75894835999130e-01
   2.12676641555299e+00
   1.95050109394103e+00
   1.00203987983166e+00
   1.11490472874098e+00
   3.41031097300805e+00
   3.06216110931625e+00
   2.51980459600161e+00
   2.61045769796524e+00
   8.64728042998947e-01
   7.54294317824509e-01
   1.46047329558562e+00
   1.13523458906740e+00
   1.62090518688947e+00
   1.73567602237225e+00
   2.00073783392695e+00
   1.58393295209497e+00
   2.62294319047752e+00
   1.69006411940434e+00
   2.16020430139353e+00
   3.30510080087931e+00
   1.47502692990870e+00
   1.82653632083222e+00
   1.26328874855425e+00
   1.72822183187167e+00
   1.04895018100325e+00
   1.26031384442039e+00
   2.01390363624940e+00
   1.42265710507403e+00
   1.95910714279021e+00
   1.39643114066339e+00
   2.19655527447615e+00
   1.39874291832729e+00
   2.32377176244171e+00
   1.53964014788328e+00
   1.85313115050379e+00
   1.35854345754896e+00
   2.01617111609821e+00
   1.72788733839709e+00
   2.68209756413550e+00
   1.26115955314650e+00
   1.50432014932067e+00
   9.32326230991120e-01
   1.78874150285572e+00
   8.30569010273068e-01
   1.02220336059257e+00
   1.55805240862496e+00
   8.26249290637695e-01
   6.35598622380036e-01
   2.80291038610565e+00
   1.61968784671697e+00
   1.30760544237986e+00
   1.54236313026765e+00
   2.20095380788777e+00
   2.10447036902668e+00
   2.49508720301239e+00
   1.03081499782486e+00
   2.29997466700862e+00
   2.02624375337997e+00
   1.52195283004535e+00
   9.22695168427328e-01
   2.23884277480631e+00
   1.49215356361400e+00
   1.34027537425056e+00
   6.50787784881017e-01
   1.54455089849609e+00
   1.25721477532077e+00
   7.12481241289995e-01
   1.48966670714014e+00
   2.02517279220461e+00
   9.79049726726062e-01
   1.62453709860786e+00
   1.69263460676214e+00
   1.85643519718284e+00
   2.46329524679241e+00
   8.38731734892299e-01
   2.42204252611410e+00
   8.04438425653169e-01
   2.35698351503272e+00
   1.70305014840361e+00
   2.74537612586476e+00
   1.84497148040709e+00
   1.18485902258277e+00
   1.84343850355909e+00
   1.69953929998869e+00
   1.58155413215320e+00
   2.68360001938969e+00
   1.87679958415942e+00
   8.44025640655206e-01
   1.88495067105853e+00
   2.21049687645221e+00
   1.75343102956232e+00
   1.09127431465235e+00
   1.68779427526556e+00
   8.46010615204035e-01
   1.61163514698894e+00
   1.49768841137065e+00
   1.88142230210457e+00
   1.75057514766942e+00
   9.60706131877814e-01
   2.24750611680669e+00
   1.59443242326433e+00
   3.24471072666131e+00
   2.28184712415108e+00
   1.29989781501618e+00
   1.24225690093820e+00
   1.19955199963708e+00
   1.49900698690030e+00
   1.66874575854815e+00
   1.45693450362284e+00
   1.42356582838476e+00
   1.39700464427583e+00
   1.55648606485375e+00
   8.87819410754547e-01
   1.46155421936576e+00
   2.15544369662273e+00
   1.29000167684825e+00
   1.19059441471969e+00
   9.15851820367868e-01
   2.15505712957651e+00
   1.86845151329056e+00
   9.53940913443721e-01
   2.13621183298790e+00
   1.87161867283057e+00
   9.42250588397523e-01
   1.08007000719951e+00
   3.33210313777736e+00
   2.99360740300009e+00
   2.56588042838852e+00
   2.56623568027185e+00
   8.52962525259738e-01
   7.57324866089395e-01
   1.38483623965971e+00
   1.07629361633581e+00
   1.60995260868950e+00
   1.68602733856891e+00
   1.98895416005779e+00
   1.49934209610808e+00
   2.55229953383015e+00
   1.62761591086103e+00
   2.10690061301080e+00
   3.15687086857564e+00
   1.42235729237585e+00
   1.80426827734837e+00
   1.20231116995318e+00
   1.65057034684805e+00
   1.03329299193998e+00
   1.23717086097196e+00
   2.00313243871989e+00
   1.37422919771156e+00
   1.97576334968682e+00
   1.38914091077033e+00
   2.16112819026759e+00
   1.32811893445858e+00
   2.23104561154107e+00
   1.48376513097668e+00
   1.84929708061513e+00
   1.32453989936951e+00
   1.92943701521370e+00
   1.68931662165226e+00
   2.64358148814762e+00
   1.24171713004334e+00
   1.44678158614701e+00
   9.28205660373721e-01
   1.81612160925263e+00
   8.07741043881185e-01
   9.82386749083322e-01
   1.48887627897103e+00
   8.09348791363816e-01
   6.28890170094790e-01
   2.76279942075040e+00
   1.59215814448870e+00
   1.25382581542438e+00
   1.48107994290494e+00
   2.08947550663549e+00
   2.07291329572463e+00
   2.44948928288963e+00
   1.05058180948746e+00
   2.26980532579193e+00
   2.02259068140401e+00
   1.48754017109176e+00
   9.08314409720130e-01
   2.21385490844851e+00
   1.47762641454431e+00
   1.28706558484267e+00
   6.44448026283363e-01
   1.47811920102932e+00
   1.24464454402646e+00
   7.01696544917369e-01
   1.43258167851875e+00
   2.02501579641553e+00
   9.76122627478756e-01
   1.55879679880684e+00
   1.65324514719572e+00
   1.77040268220146e+00
   2.36206472983929e+00
   8.18444760679857e-01
   2.36741732347425e+00
   7.96332699256901e-01
   2.27578800310918e+00
   1.63486935450996e+00
   2.67329499879414e+00
   1.79450368584692e+00
   1.18733803880196e+00
   1.81094271375165e+00
   1.60721225254232e+00
   1.53554959418808e+00
   2.69119380395023e+00
   1.82754181082808e+00
   8.48471331599050e-01
   1.84758929884063e+00
   2.21090388981826e+00
   1.72505415019195e+00
   1.06098163439812e+00
   1.64497901359401e+00
   8.47089809948638e-01
   1.56449624280937e+00
   1.47309089217928e+00
   1.81600091229371e+00
   1.71732464565862e+00
   9.43409138020581e-01
   2.28110802436375e+00
   1.55725980790721e+00
   3.15529360465701e+00
   2.30240763484973e+00
   1.27404669080411e+00
   1.27452023024334e+00
   1.19710059739756e+00
   1.44329220511362e+00
   1.67738576878012e+00
   1.46009544323591e+00
   1.37421887201914e+00
   1.30797773091880e+00
   1.51924889951128e+00
   8.64556634553809e-01
   1.39653841381625e+00
   2.08385618172165e+00
   1.28093069840804e+00
   1.19784433542779e+00
   8.99780818951633e-01
   2.08309330711615e+00
   1.81947683580229e+00
   9.37639676380906e-01
   2.14830358466058e+00
   1.82304110711559e+00
   9.03478023722070e-01
   1.06392371392159e+00
   3.28470807817861e+00
   2.95408085126528e+00
   2.60616472079509e+00
   2.54401552372217e+00
   8.44371129526078e-01
   7.62730750024983e-01
   1.33310434990198e+00
   1.03905318209652e+00
   1.59660530222640e+00
   1.64889435727345e+00
   1.98334877029795e+00
   1.44620588540011e+00
   2.50761768811812e+00
   1.57953500764511e+00
   2.05858706089962e+00
   3.04873670951697e+00
   1.38975229162280e+00
   1.79261433208083e+00
   1.16001192175434e+00
   1.60745618448795e+00
   1.02163377759415e+00
   1.22437937830736e+00
   2.00259715376685e+00
   1.34185227226262e+00
   1.99919482538699e+00
   1.38269045765609e+00
   2.14007357729386e+00
   1.28027329681145e+00
   2.16019193427351e+00
   1.44321939792119e+00
   1.84966567223818e+00
   1.29761350650494e+00
   1.85845966898924e+00
   1.65657036407911e+00
   2.61333467496627e+00
   1.23107670199675e+00
   1.40478969188271e+00
   9.27319184767182e-01
   1.83459846696092e+00
   7.87650041118414e-01
   9.53737425266575e-01
   1.43918943460211e+00
   7.95116025903984e-01
   6.29934237309836e-01
   2.72613003850802e+00
   1.56752709356791e+00
   1.21321136697850e+00
   1.43507239539813e+00
   2.00225457296313e+00
   2.05111774972102e+00
   2.40607576511645e+00
   1.06273859557444e+00
   2.25343263020418e+00
   2.02561608541488e+00
   1.46298533301252e+00
   8.97155826333832e-01
   2.20372896622527e+00
   1.46449589810710e+00
   1.25017416530292e+00
   6.44017908337525e-01
   1.43057383934010e+00
   1.23219366352730e+00
   6.94853839505601e-01
   1.38665080222391e+00
   2.03206367606449e+00
   9.78452332685426e-01
   1.51584066199340e+00
   1.62512651314235e+00
   1.71212917897637e+00
   2.29159941258072e+00
   8.04520720111514e-01
   2.32588530907298e+00
   7.91177964201951e-01
   2.22177259510515e+00
   1.58673493680095e+00
   2.62370498296586e+00
   1.75553431061464e+00
   1.18811937320802e+00
   1.79040430470638e+00
   1.53594443311715e+00
   1.49624103129635e+00
   2.69394485529481e+00
   1.79612515570400e+00
   8.52927665886402e-01
   1.81739316713537e+00
   2.21725947587129e+00
   1.69968174010846e+00
   1.04076881355030e+00
   1.61503694391487e+00
   8.49518072367697e-01
   1.53687058585923e+00
   1.45770138894854e+00
   1.76846178346412e+00
   1.69310798721446e+00
   9.32055067299097e-01
   2.31453645473072e+00
   1.52972388764785e+00
   3.09456527521478e+00
   2.32226114617508e+00
   1.25093453004626e+00
   1.29793236731121e+00
   1.19278197232413e+00
   1.40222767680287e+00
   1.68889916311865e+00
   1.47111950473280e+00
   1.33713600024733e+00
   1.24398627737131e+00
   1.49390774107702e+00
   8.50028957060480e-01
   1.34958715295808e+00
   2.03087375389549e+00
   1.27827674968085e+00
   1.20197212971465e+00
   8.86827508938902e-01
   2.02948026368522e+00
   1.78177273743349e+00
   9.24035221128379e-01
   2.16167606965911e+00
   1.79033344710088e+00
   8.76416379487087e-01
   1.05695596617560e+00
   3.25456089529027e+00
   2.93085259245747e+00
   2.64089599724276e+00
   2.53128752102656e+00
   8.37926460624928e-01
   7.68193170198811e-01
   1.29630744590411e+00
   1.01353960576552e+00
   1.58313778485557e+00
   1.61966546530126e+00
   1.98032657231921e+00
   1.41118311186416e+00
   2.47627604786507e+00
   1.54214740181428e+00
   2.01505875766550e+00
   2.96307704260091e+00
   1.36936145894036e+00
   1.78706772869553e+00
   1.12926837936993e+00
   1.58252492449186e+00
   1.01400992345644e+00
   1.21637276187318e+00
   2.00714023500282e+00
   1.31829412220911e+00
   2.02425935650420e+00
   1.37709549636837e+00
   2.12468935971040e+00
   1.24519140993871e+00
   2.10464058956159e+00
   1.41279415663632e+00
   1.85001237406948e+00
   1.27605585552541e+00
   1.80021361556554e+00
   1.62944030646620e+00
   2.58936056725602e+00
   1.22454186166569e+00
   1.37426921360926e+00
   9.28466566621900e-01
   1.84781404895179e+00
   7.69989274456221e-01
   9.31991777361217e-01
   1.40183696657023e+00
   7.81275418487451e-01
   6.34423085072170e-01
   2.69173049668266e+00
   1.54512147463953e+00
   1.18119500174692e+00
   1.39910004084441e+00
   1.93276473865788e+00
   2.03383785378825e+00
   2.36674545311191e+00
   1.07111605546486e+00
   2.24553419926601e+00
   2.03209684023106e+00
   1.44424621423343e+00
   8.87556318798184e-01
   2.20111889385191e+00
   1.45193117725094e+00
   1.22366456134131e+00
   6.47285426333572e-01
   1.39504184271582e+00
   1.22076063842091e+00
   6.90698772187774e-01
   1.35055750546299e+00
   2.04143314292015e+00
   9.83219134362123e-01
   1.48618447881602e+00
   1.60408778354158e+00
   1.67101348163216e+00
   2.23925563202535e+00
   7.95049604964134e-01
   2.29288337817435e+00
   7.87833478969430e-01
   2.18304918777596e+00
   1.55181817417478e+00
   2.58722778392882e+00
   1.72428779482560e+00
   1.18766763285617e+00
   1.77627221173589e+00
   1.48053471881335e+00
   1.46349656310144e+00
   2.69396966488373e+00
   1.77433228322001e+00
   8.56321319767429e-01
   1.79289160888706e+00
   2.22608425887676e+00
   1.67787000332055e+00
   1.02674057042789e+00
   1.59320391088507e+00
   8.52253957946370e-01
   1.51975055494618e+00
   1.44710616406061e+00
   1.73236811661102e+00
   1.67445861058938e+00
   9.23555726661717e-01
   2.34539672454423e+00
   1.50822737353253e+00
   3.05082830755616e+00
   2.33978473044778e+00
   1.22966155047469e+00
   1.31461220410030e+00
   1.18687764198788e+00
   1.37062832647376e+00
   1.70037116374391e+00
   1.48542309757882e+00
   1.30949419488828e+00
   1.19678354882918e+00
   1.47557541451103e+00
   8.40339564672171e-01
   1.31478763774219e+00
   1.98965206700338e+00
   1.27893437128221e+00
   1.20457396818411e+00
   8.75612934656380e-01
   1.98790808692956e+00
   1.75139633998960e+00
   9.11954494397584e-01
   2.17525274608480e+00
   1.76700309796084e+00
   8.56645932378435e-01
   1.05494701338496e+00
   3.23483024600640e+00
   2.91740774498395e+00
   2.67028920124259e+00
   2.52227517005581e+00
   8.32946280866347e-01
   7.72730416870416e-01
   1.26933138780083e+00
   9.95251096709581e-01
   1.57036020485866e+00
   1.59636104422856e+00
   1.97830056937001e+00
   1.38736426593616e+00
   2.45272937131794e+00
   1.51308370232001e+00
   1.97644819832417e+00
   2.89096875971371e+00
   1.35677596740807e+00
   1.78523408774179e+00
   1.10606709248116e+00
   1.56795445930333e+00
   1.00964697279866e+00
   1.21091192734683e+00
   2.01412548842646e+00
   1.30022088065317e+00
   2.04872925901741e+00
   1.37270613535256e+00
   2.11238653740732e+00
   1.21838868267032e+00
   2.06009502095412e+00
   1.38922586378904e+00
   1.84935944964346e+00
   1.25867822723125e+00
   1.75266296789848e+00
   1.60709263049403e+00
   2.57053872033342e+00
   1.22016703235614e+00
   1.35235224473865e+00
   9.30848717627013e-01
   1.85771995154963e+00
   7.54926446674206e-01
   9.14976323308870e-01
   1.37268401177734e+00
   7.67661256405328e-01
   6.40265325129632e-01
   2.65944674020359e+00
   1.52461349464593e+00
   1.15527625686420e+00
   1.37020225960454e+00
   1.87629210929095e+00
   2.01912567219473e+00
   2.33200141137725e+00
   1.07743203391318e+00
   2.24303619671777e+00
   2.04021887707900e+00
   1.42934317952207e+00
   8.78914272772880e-01
   2.20256249344390e+00
   1.43986747495312e+00
   1.20425591681645e+00
   6.52831447721253e-01
   1.36762194668805e+00
   1.21057627696800e+00
   6.88533445452428e-01
   1.32292120881363e+00
   2.05149282660803e+00
   9.89076095531842e-01
   1.46482134268784e+00
   1.58785151159666e+00
   1.64095862898118e+00
   2.19846631695646e+00
   7.88551842369937e-01
   2.26578564981278e+00
   7.85679287718767e-01
   2.15366206184111e+00
   1.52614860384576e+00
   2.55912205463143e+00
   1.69879824901452e+00
   1.18647784462173e+00
   1.76597171332579e+00
   1.43667597930197e+00
   1.43691087151797e+00
   2.69267337226772e+00
   1.75808810561896e+00
   8.58452114484255e-01
   1.77281009501577e+00
   2.23563384576621e+00
   1.65943251975132e+00
   1.01673182152148e+00
   1.57678596620247e+00
   8.54960983003487e-01
   1.50854248787023e+00
   1.43922475719613e+00
   1.70407153042219e+00
   1.65939969497016e+00
   9.16626880764373e-01
   2.37290278676770e+00
   1.49128141068662e+00
   3.01761788476694e+00
   2.35451978048872e+00
   1.21069710526547e+00
   1.32625787425454e+00
   1.18039001543352e+00
   1.34552146500037e+00
   1.71087016230731e+00
   1.50062597301807e+00
   1.28924619623592e+00
   1.16116789789913e+00
   1.46175120679589e+00
   8.33507380418275e-01
   1.28839225964027e+00
   1.95635238646394e+00
   1.28137841115475e+00
   1.20688916885184e+00
   8.65619635417357e-01
   1.95480938968645e+00
   1.72623002434128e+00
   9.00987957037835e-01
   2.18850353722063e+00
   1.74968541266804e+00
   8.41749696850000e-01
   1.05575380692217e+00
   3.22174876682741e+00
   2.91009479146431e+00
   2.69476798462531e+00
   2.51466699995782e+00
   8.29043549986827e-01
   7.76130150877287e-01
   1.24905564241534e+00
   9.81784632857639e-01
   1.55856196052532e+00
   1.57772572723509e+00
   1.97657834193003e+00
   1.37082906968765e+00
   2.43425399299886e+00
   1.49055809966794e+00
   1.94278175601832e+00
   2.82802112472847e+00
   1.34930745728291e+00
   1.78575386532301e+00
   1.08801807269870e+00
   1.55947186582736e+00
   1.00766842084658e+00
   1.20692840121138e+00
   2.02210876138878e+00
   1.28585239549473e+00
   2.07161978953332e+00
   1.36964309479922e+00
   2.10219189364083e+00
   1.19734426211416e+00
   2.02365793657321e+00
   1.37042045326129e+00
   1.84764425997717e+00
   1.24459698852192e+00
   1.71403521661463e+00
   1.58868552606320e+00
   2.55581231787349e+00
   1.21705158998310e+00
   1.33686753149513e+00
   9.33953689178208e-01
   1.86539434870189e+00
   7.42691180872966e-01
   9.01411226578371e-01
   1.34922048482643e+00
   7.54639279485734e-01
   6.46462085647573e-01
   2.62935073408650e+00
   1.50577323161851e+00
   1.13397755771034e+00
   1.34653113404581e+00
   1.82959784869643e+00
   2.00610328453278e+00
   2.30170957601502e+00
   1.08249855855340e+00
   2.24401724018314e+00
   2.04889935840238e+00
   1.41726110403996e+00
   8.71034914838223e-01
   2.20621326638171e+00
   1.42838116180801e+00
   1.18992090721767e+00
   6.59736306589288e-01
   1.34592721118285e+00
   1.20162640762023e+00
   6.87887430124910e-01
   1.30229447911602e+00
   2.06167856163623e+00
   9.95306774447431e-01
   1.44892777274968e+00
   1.57504436017605e+00
   1.61830660111904e+00
   2.16544924379296e+00
   7.84027590142528e-01
   2.24301160660052e+00
   7.84347473554755e-01
   2.13030236808542e+00
   1.50712657808374e+00
   2.53679315004642e+00
   1.67788093882087e+00
   1.18489958564944e+00
   1.75819881303988e+00
   1.40128081409623e+00
   1.41583576769998e+00
   2.69103430873214e+00
   1.74523419742921e+00
   8.59491361308676e-01
   1.75616348054907e+00
   2.24500619883393e+00
   1.64397251459713e+00
   1.00947369740733e+00
   1.56413967589136e+00
   8.57536112149095e-01
   1.50076514890466e+00
   1.43295801278886e+00
   1.68135902353781e+00
   1.64678171768440e+00
   9.10739667457430e-01
   2.39698108578210e+00
   1.47815140962985e+00
   2.99116440884323e+00
   2.36653243036343e+00
   1.19466704802200e+00
   1.33421800172998e+00
   1.17422799488749e+00
   1.32508182461010e+00
   1.72015367279572e+00
   1.51555196942318e+00
   1.27474232670779e+00
   1.13374171290581e+00
   1.45098577704596e+00
   8.28445051066414e-01
   1.26793263173720e+00
   1.92860064107328e+00
   1.28479454266638e+00
   1.20972644049943e+00
   8.56680945164471e-01
   1.92800523326414e+00
   1.70503262490723e+00
   8.91039212019641e-01
   2.20115399042831e+00
   1.73644885272172e+00
   8.30280346548727e-01
   1.05818659188811e+00
   3.21312138554015e+00
   2.90669786701633e+00
   2.71490321770767e+00
   2.50763147960345e+00
   8.26001344639247e-01
   7.78564494517755e-01
   1.23347772261440e+00
   9.71700080329243e-01
   1.54780498472633e+00
   1.56279269695981e+00
   1.97489432184942e+00
   1.35919839244504e+00
   2.41939931473731e+00
   1.47314582857242e+00
   1.91388517555617e+00
   2.77235534093809e+00
   1.34524075393811e+00
   1.78782746775538e+00
   1.07362627633476e+00
   1.55456640901047e+00
   1.00731312335978e+00
   1.20386222743916e+00
   2.03029504353522e+00
   1.27413782476620e+00
   2.09255689779381e+00
   1.36781702675709e+00
   2.09358493356735e+00
   1.18044123231041e+00
   1.99334450514498e+00
   1.35499796857133e+00
   1.84503791097391e+00
   1.23312229492290e+00
   1.68272981122554e+00
   1.57350287686225e+00
   2.54404872296739e+00
   1.21475525402671e+00
   1.32615287835519e+00
   9.37448076003224e-01
   1.87139817327121e+00
   7.33398658032278e-01
   8.90455511708194e-01
   1.32984680951643e+00
   7.42592511533575e-01
   6.52549977562607e-01
   2.60152444411026e+00
   1.48841991281821e+00
   1.11632149969270e+00
   1.32683774033035e+00
   1.79043721855837e+00
   1.99429858919313e+00
   2.27548965487809e+00
   1.08672265654986e+00
   2.24721758189271e+00
   2.05750978149635e+00
   1.40740159730650e+00
   8.63882866217706e-01
   2.21100958842795e+00
   1.41754466932744e+00
   1.17924546498554e+00
   6.67427616798055e-01
   1.32839965828866e+00
   1.19380716138726e+00
   6.88402643502003e-01
   1.28728470440720e+00
   2.07175835326067e+00
   1.00151375157311e+00
   1.43683506922803e+00
   1.56476537147550e+00
   1.60078211125577e+00
   2.13786948613343e+00
   7.80819939021114e-01
   2.22354602149731e+00
   7.83602117523205e-01
   2.11099970361293e+00
   1.49294565885481e+00
   2.51872300355743e+00
   1.66067552546159e+00
   1.18314544956717e+00
   1.75221284469849e+00
   1.37218330500556e+00
   1.39948309220195e+00
   2.68971530547678e+00
   1.73457524110417e+00
   8.59736870770244e-01
   1.74220728078661e+00
   2.25376139182258e+00
   1.63106847035683e+00
   1.00417128271843e+00
   1.55420067510990e+00
   8.59965059328595e-01
   1.49505206875182e+00
   1.42768688844734e+00
   1.66280184546333e+00
   1.63591031100510e+00
   9.05678622832577e-01
   2.41787708394404e+00
   1.46829242500315e+00
   2.96921996395272e+00
   2.37610819267786e+00
   1.18191238334271e+00
   1.33950993639668e+00
   1.16901411450847e+00
   1.30811330734153e+00
   1.72822597847663e+00
   1.52963732225462e+00
   1.26464021222810e+00
   1.11217389654340e+00
   1.44236696382238e+00
   8.24524398035899e-01
   1.25173389625369e+00
   1.90487502853743e+00
   1.28871219043935e+00
   1.21350705180392e+00
   8.48756691265056e-01
   1.90607162604996e+00
   1.68697371489357e+00
   8.82108507086138e-01
   2.21302645803070e+00
   1.72609194305745e+00
   8.21309714427028e-01
   1.06154278021456e+00
   3.20759655774942e+00
   2.90579707630731e+00
   2.73131169649326e+00
   2.50091854684425e+00
   8.23689191358397e-01
   7.80337338456059e-01
   1.22125789353398e+00
   9.64051202655055e-01
   1.53804352342723e+00
   1.55077829879653e+00
   1.97317455831495e+00
   1.35094761077009e+00
   2.40733348740429e+00
   1.45970207152659e+00
   1.88941339212537e+00
   2.72324888062877e+00
   1.34344633488610e+00
   1.79096097376249e+00
   1.06190827297412e+00
   1.55169910243162e+00
   1.00797923992094e+00
   1.20139873381053e+00
   2.03827574432359e+00
   1.26440185290220e+00
   2.11149568746959e+00
   1.36703262479706e+00
   2.08621147442168e+00
   1.16656287888648e+00
   1.96776251346106e+00
   1.34201806068230e+00
   1.84174641748703e+00
   1.22369229225607e+00
   1.65734017360375e+00
   1.56096031893930e+00
   2.53416207159956e+00
   1.21300481801962e+00
   1.31894500018199e+00
   9.41088320889603e-01
   1.87600157010100e+00
   7.26988882953331e-01
   8.81503906060451e-01
   1.31349046125658e+00
   7.31786329564076e-01
   6.58319464854775e-01
   2.57600367790206e+00
   1.47240341180847e+00
   1.10158044834737e+00
   1.31022236702109e+00
   1.75720845875810e+00
   1.98343455940726e+00
   2.25289367119049e+00
   1.09032120601879e+00
   2.25177500669032e+00
   2.06572756288453e+00
   1.39932362815709e+00
   8.57474084424753e-01
   2.21631267344836e+00
   1.40740402040154e+00
   1.17117496710716e+00
   6.75551418018840e-01
   1.31396143908749e+00
   1.18698517668850e+00
   6.89781013618599e-01
   1.27665949687382e+00
   2.08160173730353e+00
   1.00747522705544e+00
   1.42750389564664e+00
   1.55638380920368e+00
   1.58691122074996e+00
   2.11421263682989e+00
   7.78487184481252e-01
   2.20670144645282e+00
   7.83270448713729e-01
   2.09452112715571e+00
   1.48231471296825e+00
   2.50397128275229e+00
   1.64646118864119e+00
   1.18133846426458e+00
   1.74754341766959e+00
   1.34783802836250e+00
   1.38704346745216e+00
   2.68912530230296e+00
   1.72542112129748e+00
   8.59486702103965e-01
   1.73037873794548e+00
   2.26173393714208e+00
   1.62033716291151e+00
   1.00028539651181e+00
   1.54624225973176e+00
   8.62262371171702e-01
   1.49063626816242e+00
   1.42305095867268e+00
   1.64742509845634e+00
   1.62633655135699e+00
   9.01342281999726e-01
   2.43596914235130e+00
   1.46118130767591e+00
   2.95043325693312e+00
   2.38359953012725e+00
   1.17241466395131e+00
   1.34286870227582e+00
   1.16508887799159e+00
   1.29378573979683e+00
   1.73517494194171e+00
   1.54263434148601e+00
   1.25786709598194e+00
   1.09483255610056e+00
   1.43529042363043e+00
   8.21367018209349e-01
   1.23863284107080e+00
   1.88418571429325e+00
   1.29283985440226e+00
   1.21836262946649e+00
   8.41832432838609e-01
   1.88801463663997e+00
   1.67142694258907e+00
   8.74197928112593e-01
   2.22399343292988e+00
   1.71781632096388e+00
   8.14210198680065e-01
   1.06538916691808e+00
   3.20428789549767e+00
   2.90645760765906e+00
   2.74458739928823e+00
   2.49449018348135e+00
   8.22016430786344e-01
   7.81741162205770e-01
   1.21146888683052e+00
   9.58175908448555e-01
   1.52918244551672e+00
   1.54104711187392e+00
   1.97141750660231e+00
   1.34505721894275e+00
   2.39754112399811e+00
   1.44931667549472e+00
   1.86891965397133e+00
   2.68025188554750e+00
   1.34316232742032e+00
   1.79482578569665e+00
   1.05218758750646e+00
   1.54990470296436e+00
   1.00921617362496e+00
   1.19934294372919e+00
   2.04587713458944e+00
   1.25617283282680e+00
   2.12856803707803e+00
   1.36706669311411e+00
   2.07981330218863e+00
   1.15491038303201e+00
   1.94590304671771e+00
   1.33082156243771e+00
   1.83795511669922e+00
   1.21584270607336e+00
   1.63667205265516e+00
   1.55058512575406e+00
   2.52525227619647e+00
   1.21157620853750e+00
   1.31429261954608e+00
   9.44679995772426e-01
   1.87933657253576e+00
   7.23242401723835e-01
   8.74097887453442e-01
   1.29940054440778e+00
   7.22357036939687e-01
   6.63680919570331e-01
   2.55276873762282e+00
   1.45758940917853e+00
   1.08917331044751e+00
   1.29601044326819e+00
   1.72873169841072e+00
   1.97334619682917e+00
   2.23347736861104e+00
   1.09341504713875e+00
   2.25708101186338e+00
   2.07343062804673e+00
   1.39264854491907e+00
   8.51824724768243e-01
   2.22172856474464e+00
   1.39797670666582e+00
   1.16491207418187e+00
   6.83880912231312e-01
   1.30183452175290e+00
   1.18102272921960e+00
   6.91769297808280e-01
   1.26939302925211e+00
   2.09111890721958e+00
   1.01306868544141e+00
   1.42024275140854e+00
   1.54943870753143e+00
   1.57569907135266e+00
   2.09345911070754e+00
   7.76723505462229e-01
   2.19199267652306e+00
   7.83214433747620e-01
   2.08006583071377e+00
   1.47429838736833e+00
   2.49192211176178e+00
   1.63460922307143e+00
   1.17954900437351e+00
   1.74387072205008e+00
   1.32711832855159e+00
   1.37776857771545e+00
   2.68947989840228e+00
   1.71735484173338e+00
   8.58982232993456e-01
   1.72025037273135e+00
   2.26891715465566e+00
   1.61144983493525e+00
   9.97427887111305e-01
   1.53974731086498e+00
   8.64443664845017e-01
   1.48707130053324e+00
   1.41883783059623e+00
   1.63453299853841e+00
   1.61774817032690e+00
   8.97657258301769e-01
   2.45167158843784e+00
   1.45632049186319e+00
   2.93397917618566e+00
   2.38935316515536e+00
   1.16590048232230e+00
   1.34481414152707e+00
   1.16257149669684e+00
   1.28149832491598e+00
   1.74111040217968e+00
   1.55446659554846e+00
   1.25358322264019e+00
   1.08057331373206e+00
   1.42934111334065e+00
   8.18737270458591e-01
   1.22780777551140e+00
   1.86587710464210e+00
   1.29698716203135e+00
   1.22424663248709e+00
   8.35880771924167e-01
   1.87309633726405e+00
   1.65788994188564e+00
   8.67281354125254e-01
   2.23397407006711e+00
   1.71106342213618e+00
   8.08541389994016e-01
   1.06944960084869e+00
   3.20258231587726e+00
   2.90806130604685e+00
   2.75526798434597e+00
   2.48837136263460e+00
   8.20908991985982e-01
   7.82997915533475e-01
   1.20345256050543e+00
   9.53596211741682e-01
   1.52110843697507e+00
   1.53309094770013e+00
   1.96963975868284e+00
   1.34082447849318e+00
   2.38967432689239e+00
   1.44127546819089e+00
   1.85191969684152e+00
   2.64280827658120e+00
   1.34386631378169e+00
   1.79918557580428e+00
   1.04398361907621e+00
   1.54857732991793e+00
   1.01070280106288e+00
   1.19755928624238e+00
   2.05305868665046e+00
   1.24909831656800e+00
   2.14398423052323e+00
   1.36770813268559e+00
   2.07420113967721e+00
   1.14490852271567e+00
   1.92701118831515e+00
   1.32093978164840e+00
   1.83381620445913e+00
   1.20919615024426e+00
   1.61974135319403e+00
   1.54199432310540e+00
   2.51666764783486e+00
   1.21027881285908e+00
   1.31148475278294e+00
   9.48073306524012e-01
   1.88148825385994e+00
   7.21834903093570e-01
   8.67888026284625e-01
   1.28703653375921e+00
   7.14336326310029e-01
   6.68605359012500e-01
   2.53174836493200e+00
   1.44385021045835e+00
   1.07862985165859e+00
   1.28368903227739e+00
   1.70411376823036e+00
   1.96393179848319e+00
   2.21682670227013e+00
   1.09607360316250e+00
   2.26270665994436e+00
   2.08061331978612e+00
   1.38704374162348e+00
   8.46929358736523e-01
   2.22701578403275e+00
   1.38925191151528e+00
   1.15986494455467e+00
   6.92268516805676e-01
   1.29144541434238e+00
   1.17578810116826e+00
   6.94161750939653e-01
   1.26466455341207e+00
   2.10024745188542e+00
   1.01822797877864e+00
   1.41455811226259e+00
   1.54358616773420e+00
   1.56645073262069e+00
   2.07489996354413e+00
   7.75316809276467e-01
   2.17906431643002e+00
   7.83326641183941e-01
   2.06709653650387e+00
   1.46821444245424e+00
   2.48214529606631e+00
   1.62458612525182e+00
   1.17781372334761e+00
   1.74097203931172e+00
   1.30919395595870e+00
   1.37100900359059e+00
   2.69086113909490e+00
   1.71011132458021e+00
   8.58393065679220e-01
   1.71149625384120e+00
   2.27538271742910e+00
   1.60412973725449e+00
   9.95313959558861e-01
   1.53433852246691e+00
   8.66515900440719e-01
   1.48408239227897e+00
   1.41492321651035e+00
   1.62361224709326e+00
   1.60991782114418e+00
   8.94548009557003e-01
   2.46538086483531e+00
   1.45327493775282e+00
   2.91933452799918e+00
   2.39367962763415e+00
   1.16198201945291e+00
   1.34571280788160e+00
   1.16142831890301e+00
   1.27080588040277e+00
   1.74614061396537e+00
   1.56515383001533e+00
   1.25114213291540e+00
   1.06859528716574e+00
   1.42422562942612e+00
   8.16485934028873e-01
   1.21867140488171e+00
   1.84949835341974e+00
   1.30102603449411e+00
   1.23102742493128e+00
   8.30852253583572e-01
   1.86074336431420e+00
   1.64595542284724e+00
   8.61303596828887e-01
   2.24293582963458e+00
   1.70542826290352e+00
   8.03987367680130e-01
   1.07354300782192e+00
   3.20204635981790e+00
   2.91020416717931e+00
   2.76382286881122e+00
   2.48259090855145e+00
   8.20298796452997e-01
   7.84251350765976e-01
   1.19673408606045e+00
   9.49965732145856e-01
   1.51370734094119e+00
   1.52651004405794e+00
   1.96785653077347e+00
   1.33775543645490e+00
   2.38347603907132e+00
   1.43502377573998e+00
   1.83793628019525e+00
   2.61023698710556e+00
   1.34519677088761e+00
   1.80386108424012e+00
   1.03694854070102e+00
   1.54734591782388e+00
   1.01222164322037e+00
   1.19594640834019e+00
   2.05984447634792e+00
   1.24290560765605e+00
   2.15796972167146e+00
   1.36877332069766e+00
   2.06923383772280e+00
   1.13614679837932e+00
   1.91050909855001e+00
   1.31203885907177e+00
   1.82944870783439e+00
   1.20345480114187e+00
   1.60575620995328e+00
   1.53487615062743e+00
   2.50799566263795e+00
   1.20896881027896e+00
   1.30999345918100e+00
   9.51167419499026e-01
   1.88253773077856e+00
   7.22397620489757e-01
   8.62612638693984e-01
   1.27600329409951e+00
   7.07683165188008e-01
   6.73097088972982e-01
   2.51282879589416e+00
   1.43106343248900e+00
   1.06957558886787e+00
   1.27286889257640e+00
   1.68266372366754e+00
   1.95511951200764e+00
   2.20256917907741e+00
   1.09833994496033e+00
   2.26836029188651e+00
   2.08732484153862e+00
   1.38222973688287e+00
   8.42757683713370e-01
   2.23203395280107e+00
   1.38119508881913e+00
   1.15560820530459e+00
   7.00622774663409e-01
   1.28236906569466e+00
   1.17116011810802e+00
   6.96802761165757e-01
   1.26183286218614e+00
   2.10894799213843e+00
   1.02292033099634e+00
   1.41007767809859e+00
   1.53856852615654e+00
   1.55866916010522e+00
   2.05802653647531e+00
   7.74123823764471e-01
   2.16764642613996e+00
   7.83531238036382e-01
   2.05524047342883e+00
   1.46356341491992e+00
   2.47431794547114e+00
   1.61595981830406e+00
   1.17614516888894e+00
   1.73869168895819e+00
   1.29345240147377e+00
   1.36622202463483e+00
   2.69326549932561e+00
   1.70351196680718e+00
   8.57825160394413e-01
   1.70386728560502e+00
   2.28122866391066e+00
   1.59814390749659e+00
   9.93736900335607e-01
   1.52973765245424e+00
   8.68477808978193e-01
   1.48148993088101e+00
   1.41123629038460e+00
   1.61427481990454e+00
   1.60267809385045e+00
   8.91933250494865e-01
   2.47744779808403e+00
   1.45168897450964e+00
   2.90614891813584e+00
   2.39684398362687e+00
   1.16025721646579e+00
   1.34582545373326e+00
   1.16153309483889e+00
   1.26137495197479e+00
   1.75036328906058e+00
   1.57476865702877e+00
   1.25005221191127e+00
   1.05833678829187e+00
   1.41973222163382e+00
   8.14518507709693e-01
   1.21079998269048e+00
   1.83472059455138e+00
   1.30487061228691e+00
   1.23854868095403e+00
   8.26678900895701e-01
   1.85049916520589e+00
   1.63529736394957e+00
   8.56189751244660e-01
   2.25088963707834e+00
   1.70061113764007e+00
   8.00318453769679e-01
   1.07754846138503e+00
   3.20237573403555e+00
   2.91262800397077e+00
   2.77065211080113e+00
   2.47716195680355e+00
   8.20120143395225e-01
   7.85582611375169e-01
   1.19096729773203e+00
   9.47036557412072e-01
   1.50687381749813e+00
   1.52099468185035e+00
   1.96607765285789e+00
   1.33549892364771e+00
   2.37874020928092e+00
   1.43013359537120e+00
   1.82652515977705e+00
   2.58183589041672e+00
   1.34690270094076e+00
   1.80871339083450e+00
   1.03082817987438e+00
   1.54599418201619e+00
   1.01363270042962e+00
   1.19442774167940e+00
   2.06628220494378e+00
   1.23738254532900e+00
   2.17073143203681e+00
   1.37010979111592e+00
   2.06480141327197e+00
   1.12833542076060e+00
   1.89594873663519e+00
   1.30388170904779e+00
   1.82494193494198e+00
   1.19838935991572e+00
   1.59409042190332e+00
   1.52897534070685e+00
   2.49901695292302e+00
   1.20755467970836e+00
   1.30942911659823e+00
   9.53908052728499e-01
   1.88257535757308e+00
   7.24564476151540e-01
   8.58078967243631e-01
   1.26600868778877e+00
   7.02312633364307e-01
   6.77178197987167e-01
   2.49586554100465e+00
   1.41911536242358e+00
   1.06171798424854e+00
   1.26325629732986e+00
   1.66383756906937e+00
   1.94684775170695e+00
   2.19037911292738e+00
   1.10024631929393e+00
   2.27385591487985e+00
   2.09363153199869e+00
   1.37798464804947e+00
   8.39260990183607e-01
   2.23671149469669e+00
   1.37375623126809e+00
   1.15184665592783e+00
   7.08893725078687e-01
   1.27429014168532e+00
   1.16703077262162e+00
   6.99582413818021e-01
   1.26040387791925e+00
   2.11720022379112e+00
   1.02713462171820e+00
   1.40651173810208e+00
   1.53419307889648e+00
   1.55199364010214e+00
   2.04246293777817e+00
   7.73051197640308e-01
   2.15752672566246e+00
   7.83780856352263e-01
   2.04422983844374e+00
   1.45997865436533e+00
   2.46818109344246e+00
   1.60839445268396e+00
   1.17453915569066e+00
   1.73692046037812e+00
   1.27944181027789e+00
   1.36296452491554e+00
   2.69663693198152e+00
   1.69742833654855e+00
   8.57338251803222e-01
   1.69717232771781e+00
   2.28655169111094e+00
   1.59329481139065e+00
   9.92549491016943e-01
   1.52573884734594e+00
   8.70323856896103e-01
   1.47917112036371e+00
   1.40773832482463e+00
   1.60622126175949e+00
   1.59590660319481e+00
   8.89732493154723e-01
   2.48816782935885e+00
   1.45128149860136e+00
   2.89417463052153e+00
   2.39906625936058e+00
   1.16035885724376e+00
   1.34534027655820e+00
   1.16271386285777e+00
   1.25295428443466e+00
   1.75386284138066e+00
   1.58340944253809e+00
   1.24994270581476e+00
   1.04940001778409e+00
   1.41570633264956e+00
   8.12775324677606e-01
   1.20388463032228e+00
   1.82128812172176e+00
   1.30846588490800e+00
   1.24666002394315e+00
   8.23281921576109e-01
   1.84199630291015e+00
   1.62565905117591e+00
   8.51856060330537e-01
   2.25787987347708e+00
   1.69638832276751e+00
   7.97365379747435e-01
   1.08138521128467e+00
   3.20336033329457e+00
   2.91517289402978e+00
   2.77609067551092e+00
   2.47208007491460e+00
   8.20309969308850e-01
   7.87031201793536e-01
   1.18589765947007e+00
   9.44633825127473e-01
   1.50051604992896e+00
   1.51630762738293e+00
   1.96430858313421e+00
   1.33380369403860e+00
   2.37529168608641e+00
   1.42627574689624e+00
   1.81728796399104e+00
   2.55696510751338e+00
   1.34880986434826e+00
   1.81363490381935e+00
   1.02543539654667e+00
   1.54440568248602e+00
   1.01485026703263e+00
   1.19294687907949e+00
   2.07242268423967e+00
   1.23236539338556e+00
   2.18244541948713e+00
   1.37159501229252e+00
   2.06081359502448e+00
   1.12127055787376e+00
   1.88298004936938e+00
   1.29630026067407e+00
   1.82036003905506e+00
   1.19382545295599e+00
   1.58425418701275e+00
   1.52408164743046e+00
   2.48965146949486e+00
   1.20599053365460e+00
   1.30950566800007e+00
   9.56277879427222e-01
   1.88170012592370e+00
   7.28000900661357e-01
   8.54145488208361e-01
   1.25683400563870e+00
   6.98117777255098e-01
   6.80878396920425e-01
   2.48069579114848e+00
   1.40790455213788e+00
   1.05483100789130e+00
   1.25462987273187e+00
   1.64720035558760e+00
   1.93905686005442e+00
   2.17997817102683e+00
   1.10182296370756e+00
   2.27908591391874e+00
   2.09959809294356e+00
   1.37414034819236e+00
   8.36381012466285e-01
   2.24102315959027e+00
   1.36687829664796e+00
   1.14838225939861e+00
   7.17060301145170e-01
   1.26697387351830e+00
   1.16330674321091e+00
   7.02427013750957e-01
   1.25999978376105e+00
   2.12499899244780e+00
   1.03087490397695e+00
   1.40363224140367e+00
   1.53031565058833e+00
   1.54615982165856e+00
   2.02792462465230e+00
   7.72039977122824e-01
   2.14853328922886e+00
   7.84049637124020e-01
   2.03386612479921e+00
   1.45719006641502e+00
   2.46351670734467e+00
   1.60163605326146e+00
   1.17298145961826e+00
   1.73558068300280e+00
   1.26682716953161e+00
   1.36088016346796e+00
   2.70088860937197e+00
   1.69176203864485e+00
   8.56963348590318e-01
   1.69126348004080e+00
   2.29143606231764e+00
   1.58941359135723e+00
   9.91648139194196e-01
   1.52218940242061e+00
   8.72047861046157e-01
   1.47704013060618e+00
   1.40440885040671e+00
   1.59921583998210e+00
   1.58951464056130e+00
   8.87873498159134e-01
   2.49778245084879e+00
   1.45183179451535e+00
   2.88322896299248e+00
   2.40052591273765e+00
   1.16196996011941e+00
   1.34439509490775e+00
   1.16478562801667e+00
   1.24535335801365e+00
   1.75671063236381e+00
   1.59118330615304e+00
   1.25053540265128e+00
   1.04149826475550e+00
   1.41203455281334e+00
   8.11218202144241e-01
   1.19769741317597e+00
   1.80899196699335e+00
   1.31177999386070e+00
   1.25522850436160e+00
   8.20579216161779e-01
   1.83493742244395e+00
   1.61684053518631e+00
   8.48218558835516e-01
   2.26397328996235e+00
   1.69259263757115e+00
   7.95000990379639e-01
   1.08500062081199e+00
   3.20485631462289e+00
   2.91774396425118e+00
   2.78041541476493e+00
   2.46732776572351e+00
   8.20809534818035e-01
   7.88612822038353e-01
   1.18133629421636e+00
   9.42635023468228e-01
   1.49455694626001e+00
   1.51226825669281e+00
   1.96255218479220e+00
   1.33248924805903e+00
   2.37297661645757e+00
   1.42319723209635e+00
   1.80987671947793e+00
   2.53508020346894e+00
   1.35079742148169e+00
   1.81854335883042e+00
   1.02063104757467e+00
   1.54252592560792e+00
   1.01582471013549e+00
   1.19146371457578e+00
   2.07831157515385e+00
   1.22772893852695e+00
   2.19325640960772e+00
   1.37313314453723e+00
   2.05719330215126e+00
   1.11480784955701e+00
   1.87132774468296e+00
   1.28917511605479e+00
   1.81574677836758e+00
   1.18963057099490e+00
   1.57586632979410e+00
   1.52002096337844e+00
   2.47991145463303e+00
   1.20426392492507e+00
   1.31001381916411e+00
   9.58284650622587e-01
   1.88001483512630e+00
   7.32417199768219e-01
   8.50707067761374e-01
   1.24831311863220e+00
   6.94984160457884e-01
   6.84228615216941e-01
   2.46714957165661e+00
   1.39734342531267e+00
   1.04874018689070e+00
   1.24682180768510e+00
   1.63239937044894e+00
   1.93168734165363e+00
   2.17113213644151e+00
   1.10310189867723e+00
   2.28399804084671e+00
   2.10528044357527e+00
   1.37057329097683e+00
   8.34057124902979e-01
   2.24497386412370e+00
   1.36050340866588e+00
   1.14508661133719e+00
   7.25119175187778e-01
   1.26024408019767e+00
   1.15990968204178e+00
   7.05288717845665e-01
   1.26033272610188e+00
   2.13235089024574e+00
   1.03415598869496e+00
   1.40125943494097e+00
   1.52682768363308e+00
   1.54097223964635e+00
   2.01419265513003e+00
   7.71053683975441e-01
   2.14052389748292e+00
   7.84325610417843e-01
   2.02399875408100e+00
   1.45499762289488e+00
   2.46013593866782e+00
   1.59549511210086e+00
   1.17145319172512e+00
   1.73461557944692e+00
   1.25535720261489e+00
   1.35968530390243e+00
   2.70591759104378e+00
   1.68643380252639e+00
   8.56716102262914e-01
   1.68602477244552e+00
   2.29595134393197e+00
   1.58635499692989e+00
   9.90959856237814e-01
   1.51897536421662e+00
   8.73645117439999e-01
   1.47503669642761e+00
   1.40123663641205e+00
   1.59306942710156e+00
   1.58343787991882e+00
   8.86296897697259e-01
   2.50648607690297e+00
   1.45316480422184e+00
   2.87317296076635e+00
   2.40136770228193e+00
   1.16482318962968e+00
   1.34309187274175e+00
   1.16757049876378e+00
   1.23842648057405e+00
   1.75896661988539e+00
   1.59819618012503e+00
   1.25162198295853e+00
   1.03442012168718e+00
   1.40863335739746e+00
   8.09821554481599e-01
   1.19206775851166e+00
   1.79765618422937e+00
   1.31479821308232e+00
   1.26414058004700e+00
   8.18490860094107e-01
   1.82908070206166e+00
   1.60868655517752e+00
   8.45198466749427e-01
   2.26924946224622e+00
   1.68909959838906e+00
   7.93127373083454e-01
   1.08836221524511e+00
   3.20676437307109e+00
   2.92028848066687e+00
   2.78385305627313e+00
   2.46287992957387e+00
   8.21565940244890e-01
   7.90331608200293e-01
   1.17714163680669e+00
   9.40953847909584e-01
   1.48893312497978e+00
   1.50873907589365e+00
   1.96081008025135e+00
   1.33142543120020e+00
   2.37165809502524e+00
   1.42070334999312e+00
   1.80399326707661e+00
   2.51573246440292e+00
   1.35278159674158e+00
   1.82337714879955e+00
   1.01631029745525e+00
   1.54033701065766e+00
   1.01652939367525e+00
   1.18995073720864e+00
   2.08398712968897e+00
   1.22337784544763e+00
   2.20328212028916e+00
   1.37465107601135e+00
   2.05387333693865e+00
   1.10884330899165e+00
   1.86077369761431e+00
   1.28242092959212e+00
   1.81112988575676e+00
   1.18570329152871e+00
   1.56863031886648e+00
   1.51664844591187e+00
   2.46986547480472e+00
   1.20238378070742e+00
   1.31080069182044e+00
   9.59950731514826e-01
   1.87762120353898e+00
   7.37571606955460e-01
   8.47683794714586e-01
   1.24031791534734e+00
   6.92798559639355e-01
   6.87257535798702e-01
   2.45505857042112e+00
   1.38735784297046e+00
   1.04330991892840e+00
   1.23970331073284e+00
   1.61914487089960e+00
   1.92468074649893e+00
   2.16364551297745e+00
   1.10411751797807e+00
   2.28857727108036e+00
   2.11072432520566e+00
   1.36719402655793e+00
   8.32230834385039e-01
   2.24858718263242e+00
   1.35457645389473e+00
   1.14187964657715e+00
   7.33076035331101e-01
   1.25396705336438e+00
   1.15677536316090e+00
   7.08136840039281e-01
   1.26118363156119e+00
   2.13927144261135e+00
   1.03699995377083e+00
   1.39925192806463e+00
   1.52364640012443e+00
   1.53628488985341e+00
   2.00109706904607e+00
   7.70069949674966e-01
   2.13337940648843e+00
   7.84604507947594e-01
   2.01451195376473e+00
   1.45325209401955e+00
   2.45787312364740e+00
   1.58983042960162e+00
   1.16993445164104e+00
   1.73398193695036e+00
   1.24484024497294e+00
   1.35915574852668e+00
   2.71161498522129e+00
   1.68137770363292e+00
   8.56605338439044e-01
   1.68136370966134e+00
   2.30015371995384e+00
   1.58399359736102e+00
   9.90432428695143e-01
   1.51601083710807e+00
   8.75113271363048e-01
   1.47311870952918e+00
   1.39821406967456e+00
   1.58762767875454e+00
   1.57762904748264e+00
   8.84957579330815e-01
   2.51443445126212e+00
   1.45513925571600e+00
   2.86389841225313e+00
   2.40170765240012e+00
   1.16869468259234e+00
   1.34150634399885e+00
   1.17090814999316e+00
   1.23206107489091e+00
   1.76068145144867e+00
   1.60454767147745e+00
   1.25304646331542e+00
   1.02800583320897e+00
   1.40544096106177e+00
   8.08566788934605e-01
   1.18686613808508e+00
   1.78713042081591e+00
   1.31751807146796e+00
   1.27330044444484e+00
   8.16942339014995e-01
   1.82422839355769e+00
   1.60107608616340e+00
   8.42724752232981e-01
   2.27379358791043e+00
   1.68581715021146e+00
   7.91667054762782e-01
   1.09145204086903e+00
   3.20901409800111e+00
   2.92278027879496e+00
   2.78658806197212e+00
   2.45870828122697e+00
   8.22532874926875e-01
   7.92187270240984e-01
   1.17320649589548e+00
   9.39528428930593e-01
   1.48359284889168e+00
   1.50561490874529e+00
   1.95908345546020e+00
   1.33051802600946e+00
   2.37121417430109e+00
   1.41864385145412e+00
   1.79938575237366e+00
   2.49855573370583e+00
   1.35470430019794e+00
   1.82809142912089e+00
   1.01239288845835e+00
   1.53784137118070e+00
   1.01695184958407e+00
   1.18838977606787e+00
   2.08948035272186e+00
   1.21923939421358e+00
   2.21261855593189e+00
   1.37609442208801e+00
   2.05079477523569e+00
   1.10330017535405e+00
   1.85114355832164e+00
   1.27597609509418e+00
   1.80652475027837e+00
   1.18196507786504e+00
   1.56231479815785e+00
   1.51384316892148e+00
   2.45961275344843e+00
   1.20037091156538e+00
   1.31175466368323e+00
   9.61305403489774e-01
   1.87461620279789e+00
   7.43267530598896e-01
   8.45013176978571e-01
   1.23274817026085e+00
   6.91453628301375e-01
   6.89990159003226e-01
   2.44426236962507e+00
   1.37788544590797e+00
   1.03843356196095e+00
   1.23317382619969e+00
   1.60719610383915e+00
   1.91798103099038e+00
   2.15735551017720e+00
   1.10490557769823e+00
   2.29283228832947e+00
   2.11596619808495e+00
   1.36393783193972e+00
   8.30847996070578e-01
   2.25189729142001e+00
   1.34904672164633e+00
   1.13871401832368e+00
   7.40940089382296e-01
   1.24804000701433e+00
   1.15385205966479e+00
   7.10951563754288e-01
   1.26238569182688e+00
   2.14578273588870e+00
   1.03943330664045e+00
   1.39749873444870e+00
   1.52070759040193e+00
   1.53198739879842e+00
   1.98850554745129e+00
   7.69075041757989e-01
   2.12699939010594e+00
   7.84885578139213e-01
   2.00531626385503e+00
   1.45184116000656e+00
   2.45658250760730e+00
   1.58453598242626e+00
   1.16840645028949e+00
   1.73364523429792e+00
   1.23512716446415e+00
   1.35911512357534e+00
   2.71787293238779e+00
   1.67653809356457e+00
   8.56637631848892e-01
   1.67720510982240e+00
   2.30408822561837e+00
   1.58222087559786e+00
   9.90027520934295e-01
   1.51323022121936e+00
   8.76452432997790e-01
   1.47125699181417e+00
   1.39533396775734e+00
   1.58276280837299e+00
   1.57205248702472e+00
   8.83823720252715e-01
   2.52175256035203e+00
   1.45763904844406e+00
   2.85531931977298e+00
   2.40163846986337e+00
   1.17339693564440e+00
   1.33969463766471e+00
   1.17465967476584e+00
   1.22616913601818e+00
   1.76189847141993e+00
   1.61032890765932e+00
   1.25469190224849e+00
   1.02213181026664e+00
   1.40241143623238e+00
   8.07439019581359e-01
   1.18199276002354e+00
   1.77728532792226e+00
   1.31994551206653e+00
   1.28262745172807e+00
   8.15866018960938e-01
   1.82021778443071e+00
   1.59391395478205e+00
   8.40734755763848e-01
   2.27769144569760e+00
   1.68267789866257e+00
   7.90557143129902e-01
   1.09426251477812e+00
   3.21155348001651e+00
   2.92520933713190e+00
   2.78876973253892e+00
   2.45478433389983e+00
   8.23670630530027e-01
   7.94178542891574e-01
   1.16944891812509e+00
   9.38313230042226e-01
   1.47849372861340e+00
   1.50281459586970e+00
   1.95737344206904e+00
   1.32969855983556e+00
   2.37153677443626e+00
   1.41690236879369e+00
   1.79584367700716e+00
   2.48325068461115e+00
   1.35652527604615e+00
   1.83265479895232e+00
   1.00881630615983e+00
   1.53505181177848e+00
   1.01708802958330e+00
   1.18676942567964e+00
   2.09481590946403e+00
   1.21525770085296e+00
   2.22134471077541e+00
   1.37742385167846e+00
   2.04790610415565e+00
   1.09812015704746e+00
   1.84229661745384e+00
   1.26979555672868e+00
   1.80193735545960e+00
   1.17835426838567e+00
   1.55673838177195e+00
   1.51150391075339e+00
   2.44926550666161e+00
   1.19825146235613e+00
   1.31279424887027e+00
   9.62379858432574e-01
   1.87108973629794e+00
   7.49348105642061e-01
   8.42644927035817e-01
   1.22552444044967e+00
   6.90850044978205e-01
   6.92447553979221e-01
   2.43461231468844e+00
   1.36887358022114e+00
   1.03402605027154e+00
   1.22715327799656e+00
   1.59635103923891e+00
   1.91153555802352e+00
   2.15212638335013e+00
   1.10550167387081e+00
   2.29678580177200e+00
   2.12103477069987e+00
   1.36075731667268e+00
   8.29859534692850e-01
   2.25494339516939e+00
   1.34386837984668e+00
   1.13556404356627e+00
   7.48721782808809e-01
   1.24238287432300e+00
   1.15109856526624e+00
   7.13719803913570e-01
   1.26381174170782e+00
   2.15191135218617e+00
   1.04148474742967e+00
   1.39591278189608e+00
   1.51796048990220e+00
   1.52799520327017e+00
   1.97631521379500e+00
   7.68060438834193e-01
   2.12129902251346e+00
   7.85169132249444e-01
   1.99634266351980e+00
   1.45067948358065e+00
   2.45613617294423e+00
   1.57953099683744e+00
   1.16685253573906e+00
   1.73357649565787e+00
   1.22609944996051e+00
   1.35942514641061e+00
   2.72458920115304e+00
   1.67186787654929e+00
   8.56819159788692e-01
   1.67348669328769e+00
   2.30779087553650e+00
   1.58094291657043e+00
   9.89716086340199e-01
   1.51058270244104e+00
   8.77664915073474e-01
   1.46943147949734e+00
   1.39258806303216e+00
   1.57836775360813e+00
   1.56668035050456e+00
   8.82874513926774e-01
   2.52854129096616e+00
   1.46056724983687e+00
   2.84736603755629e+00
   2.40123414737861e+00
   1.17877240148254e+00
   1.33769807535143e+00
   1.17870744848662e+00
   1.22068102754074e+00
   1.76265541852277e+00
   1.61562203673924e+00
   1.25647049190716e+00
   1.01670041197641e+00
   1.39951051983640e+00
   8.06425299679215e-01
   1.17736965978793e+00
   1.76800922698796e+00
   1.32209199698301e+00
   1.29205367168197e+00
   8.15201454428701e-01
   1.81691407877484e+00
   1.58712442931703e+00
   8.39173697618227e-01
   2.28102602972177e+00
   1.67963317405010e+00
   7.89745492725160e-01
   1.09679334149296e+00
   3.21434224184311e+00
   2.92757492115410e+00
   2.79051833379808e+00
   2.45108114500779e+00
   8.24945621154842e-01
   7.96304329130439e-01
   1.16580568865151e+00
   9.37273699805540e-01
   1.47360063457355e+00
   1.50027481096906e+00
   1.95568122977561e+00
   1.32891709522582e+00
   2.37253083863297e+00
   1.41538841316103e+00
   1.79319248652007e+00
   2.46957080952963e+00
   1.35821672767052e+00
   1.83704647239071e+00
   1.00553100714617e+00
   1.53198569521159e+00
   1.01693862827963e+00
   1.18508316211995e+00
   2.10001313090021e+00
   1.21138931049997e+00
   2.22952628515593e+00
   1.37861189874161e+00
   2.04516260932635e+00
   1.09325771709230e+00
   1.83411817497449e+00
   1.26384582636342e+00
   1.79736655057485e+00
   1.17482172434547e+00
   1.55175803570250e+00
   1.50954578376374e+00
   2.43893703626004e+00
   1.19605280994842e+00
   1.31386002126074e+00
   9.63204285154007e-01
   1.86712342388833e+00
   7.55689918899837e-01
   8.40537557894682e-01
   1.21858300606156e+00
   6.90897202669432e-01
   6.94647187350345e-01
   2.42597348901934e+00
   1.36027731086320e+00
   1.03001852879216e+00
   1.22157659560954e+00
   1.58643869929722e+00
   1.90529557627854e+00
   2.14784456184734e+00
   1.10593980290630e+00
   2.30046779040352e+00
   2.12595249823650e+00
   1.35761698805258e+00
   8.29221336812837e-01
   2.25776589440340e+00
   1.33900037230057e+00
   1.13241807463329e+00
   7.56432682918053e-01
   1.23693247029785e+00
   1.14848219166461e+00
   7.16432648673619e-01
   1.26536471693954e+00
   2.15768657093745e+00
   1.04318349049611e+00
   1.39442564655351e+00
   1.51536419833547e+00
   1.52424261619474e+00
   1.96444642276758e+00
   7.67020738605106e-01
   2.11620666134469e+00
   7.85455303319393e-01
   1.98753825348986e+00
   1.44970164602848e+00
   2.45642248340790e+00
   1.57475273754292e+00
   1.16525853768637e+00
   1.73375030431146e+00
   1.21766093389434e+00
   1.35997768921643e+00
   2.73166996985667e+00
   1.66732741908411e+00
   8.57155919956872e-01
   1.67015594751384e+00
   2.31129043746388e+00
   1.58007850076767e+00
   9.89475418813997e-01
   1.50802839898403e+00
   8.78754811175257e-01
   1.46762841446091e+00
   1.38996654340050e+00
   1.57435192236649e+00
   1.56149004632844e+00
   8.82097391313851e-01
   2.53488273044831e+00
   1.46384192485897e+00
   2.83998112273079e+00
   2.40055372395774e+00
   1.18468817688358e+00
   1.33554680173512e+00
   1.18295293801897e+00
   1.21554096765698e+00
   1.76298576912838e+00
   1.62050053070533e+00
   1.25831623758250e+00
   1.01163305524594e+00
   1.39671265722074e+00
   8.05513768758498e-01
   1.17293508667313e+00
   1.75920539074215e+00
   1.32397241108826e+00
   1.30152183944433e+00
   8.14895030029972e-01
   1.81420477988448e+00
   1.58064645310796e+00
   8.37993659044716e-01
   2.28387538301380e+00
   1.67664847812225e+00
   7.89188196056108e-01
   1.09904922366206e+00
   3.21734775828569e+00
   2.92988118855625e+00
   2.79193025228960e+00
   2.44757415240834e+00
   8.26329651099003e-01
   7.98563585761863e-01
   1.16222765170048e+00
   9.36382829099876e-01
   1.46888397886678e+00
   1.49794553958183e+00
   1.95400802775566e+00
   1.32813712457028e+00
   2.37411349619166e+00
   1.41403133704671e+00
   1.79128828791968e+00
   2.45731116187258e+00
   1.35975965334663e+00
   1.84125388559339e+00
   1.00249708203621e+00
   1.52866173704840e+00
   1.01650674032286e+00
   1.18332802922985e+00
   2.10508692730963e+00
   1.20759992596150e+00
   2.23721849258805e+00
   1.37964029255321e+00
   2.04252578761556e+00
   1.08867636897788e+00
