   2.50724979652416e-01   4.84620088561904e-01   7.73505272683436e-01   4.07799986594459e-01   2.13444022041066e-02   9.00548853671771e-02   4.36676382517795e-01   1.13125320169951e-01   9.82482075781715e-01   8.95135423361540e-01
  -2.17981487699121e-01   1.39979401094503e-01  -2.91334192804637e-01  -2.56201679550841e-01   4.30006885835245e-01  -9.10791456571748e-02  -1.35074653801398e-02  -6.27395491140711e-03   5.94754329403876e-01  -1.07961905167930e-02
   5.58612303775027e-01   1.04676285700644e+00   3.95932125104946e-01   4.14699933715714e-02   6.16229524651935e-01   2.39105312979740e-01  -1.45738027764682e-01  -5.74927730026543e-01   1.44863077937227e-02   6.22848529638182e-01
  -1.61328317116328e-01  -4.60809721031629e-02  -6.47596028363940e-01   5.37091677658582e-01  -1.17885312108355e-03   6.72629178486579e-01   4.15668076010404e-01   1.18418581155520e-01   1.17015102560938e-01   5.70877192854251e-01
   4.58818742617071e-01   1.13692363457626e-03   1.55579843001892e-01   4.66045689947827e-01  -7.68683184296028e-02  -1.94300532850033e-01  -1.54502079627057e-01   5.89501851126970e-01   7.91628736383047e-01   6.65573690952231e-02
   3.04794746702654e-01   1.35561523553806e-01   6.46082024570952e-02  -7.44153461400119e-01   3.11340306075445e-01  -7.68171031306459e-01  -3.30170527366801e-01  -3.86514114723215e-01   1.42806209100706e-01  -6.32248103883237e-01
   3.90413576802670e-02  -2.16861066975341e-01  -2.96330754339456e-01  -3.75147604984797e-01  -7.53372341745177e-01   2.10884592868657e-02   5.17805381267683e-01  -5.55841072224979e-02   6.36015652439568e-02   6.33079419546655e-01
  -6.77940585728351e-01  -2.76020290081841e-02  -2.25991924243930e-01  -1.45579469170474e-01   1.27038944643699e-01   1.03541023651992e-01  -1.76865622594061e-01  -7.94919241088299e-01   4.90007757739220e-02  -1.88128841667253e-01
   2.86634416634490e-01   2.76093142864719e-01  -2.28259928823060e-01   4.22511765744626e-01   8.57946209447074e-02  -2.51057050107670e-01   9.93263188639470e-02   3.68800710436170e-01  -4.76993298635265e-02  -6.00974339693110e-01
  -1.96372521487483e-01   2.41716776620194e-01  -6.97601359331955e-01  -1.30691673884379e-01  -3.70540089770766e-01  -3.55684834788736e-01   5.03113709873869e-01  -1.93363921538776e-01   5.51713077191268e-02   3.41733121583188e-01
   7.58423358061148e-01  -2.63702545151278e-02   1.20298074885935e+00   5.73606314853425e-01   3.10081817182713e-01  -2.82725311082067e-01  -3.64010268325458e-01   8.34016420442489e-02   1.16698587712188e-01  -9.24560221308957e-02
   6.57154661802154e-01  -2.62867339612536e-02   8.14504277226856e-01  -1.84329189868569e-01   1.09860883374806e-02   2.35222378592417e-01  -3.59950186620114e-01   2.68548833359112e-01   1.57031849989866e-01   9.12238492942608e-01
  -6.57640487906135e-01   4.39393143747666e-01  -6.84320065891094e-01  -9.15017412184296e-01   4.63401098486765e-01  -5.43359020814146e-01   1.43318261614022e-01   3.60371080764981e-01   2.91044281426139e-01   2.68110961369907e-01
  -3.41472090285449e-02  -2.25799051617859e-01  -9.51994373985143e-02  -5.54604070493877e-01   8.99841596449544e-01   1.35869857273276e-01   1.37554021261515e-01   1.55045770195751e-01   2.20404606173881e-02   3.06941110758736e-01
   1.61709482473345e-01   4.98467735198241e-01  -2.00531020926189e-01   1.84049801594819e-01  -1.99958868426431e-01   3.26271696717119e-01  -5.66403418592203e-01  -1.48098843924336e-01   4.20988638546026e-01  -5.43199604376048e-03
  -8.12970389058702e-01   2.76413414102161e-02  -2.42461979372549e-01  -1.94708335299185e-01   3.27453894988394e-02   3.68733602575438e-01   9.55411590142538e-02  -6.43217297717419e-01  -3.45050822860518e-01   1.29083154064472e-01
  -4.51119705490298e-01   8.19172422548722e-02  -1.18435527618808e-01   4.43091076693224e-01   1.40472497934555e-01   1.00191905243056e-01   2.30408748566047e-01  -5.63140255280332e-01   3.02618185769042e-01  -1.18435685509186e-01
   1.41192941026593e-01   3.26282296822670e-02  -3.22557437118646e-01   3.96383145299244e-02  -2.92444205126706e-01  -3.98645984025928e-01   2.60433571261791e-01  -2.80870740319852e-01  -5.55029558331619e-01  -6.35881941652879e-01
   4.00542543147822e-01   1.24642620581545e-01   4.91762437368727e-01  -3.14814397101416e-02   1.26716358110734e-01   5.36736505508964e-01   2.49353857333127e-01  -4.27177813172245e-01  -3.25216662201867e-01   5.30449944379805e-01
  -1.63267335566457e-01  -1.39511317241060e-02   5.62716200618376e-01  -3.15903436442150e-02  -3.85441825391307e-01   5.42837732808505e-01   2.07872223620504e-01   3.75477173108298e-03  -3.15992529127910e-01   2.11567391266608e-01
   6.10122549481160e-01   1.10418058454817e-01   7.24734232633631e-02   4.68923150954711e-02   7.29699593699005e-02  -6.52482938199525e-01  -2.08292364782367e-01  -2.56522548217813e-01  -3.97268917874229e-01   2.21641485922113e-01
   2.98474063454312e-01   5.57544876456848e-01  -4.77895428960763e-01  -3.72110609824164e-01  -3.28373524478987e-01   1.23989088536355e-01   1.20717018312917e-01   2.77123417688183e-02  -2.41529678302335e-01   5.82700150318503e-01
  -1.47340878061960e-01  -5.09981968595605e-01   8.24539576952605e-02  -9.20899373594118e-02  -4.99217041552010e-01   3.31217244390862e-02  -1.85467447619019e-01  -1.54812852699879e-03   3.96462066172253e-01   4.73619896401075e-01
  -3.43943936211107e-01  -1.57446821084703e-01  -1.15595442544063e-01  -1.01853519511460e+00   5.09992645418160e-01  -7.39332449907991e-01  -2.49492783855687e-01   3.96485385715622e-01  -1.35657518675520e-01  -1.28122068361952e-01
  -1.03852796129367e-01   2.01798302095787e-01  -2.94056469128704e-01  -1.37521797507431e-01   6.28553786558830e-02   1.43356970923991e-01   3.46813854412797e-01  -4.53029912793809e-01  -1.29122035339773e-01   2.07672103892888e-01
   6.32991141956817e-02  -4.89314756256674e-01  -7.79368303057431e-02  -1.35552540045660e+00  -3.38405552857079e-01  -2.73732668477155e-01  -6.92596379780145e-01  -1.25409259809079e+00   3.90032407153495e-01  -8.63444749333458e-02
  -4.59976058312563e-01   4.64633081820232e-01  -1.06347484888623e-01  -2.55206424240179e-02   5.54930287746662e-03   5.14070166091997e-01  -1.14149903247979e-01  -9.64430799647326e-01   6.64327654680404e-02  -1.34964570035297e-01
   3.08050146596986e-01   1.83128137910902e-01  -5.17443647786231e-02  -5.16016859284135e-02  -5.99159945355481e-01  -8.57598836133854e-02   1.00855523705586e-01  -2.43715559402308e-01   5.87885689661916e-01   2.45868907258426e-01
   4.52965847584455e-01   5.63270188608088e-01   3.24286458667272e-01   2.82862536190324e-01  -1.15890654851474e-02  -1.27304223339330e-02   3.76459731539006e-01   5.83351650533008e-01  -4.77130035776116e-01   3.54475960727326e-01
   5.29718797933112e-01  -4.50019734213499e-01  -2.81703353970646e-01  -1.58211412303888e-01  -2.30718718028885e-01  -2.17521173910269e-01   2.12231934362983e-01  -5.57449680838299e-01   1.04922695385074e-01  -1.57383082438444e-01
   1.30703751645369e-01  -3.62215567303514e-01  -8.21790327283987e-01   3.32881946515371e-02   2.66487381970570e-01   3.27510279515685e-01  -7.63026938850474e-02   3.57644735737553e-01   4.34254361421871e-01  -5.79659502676016e-01
   8.36056306905390e-01   6.10313750305726e-01  -5.84480420587067e-01   1.38521688783390e-01   3.46795660346321e-01   1.05030631122905e+00   5.50925211235451e-01   4.19168439661572e-01   2.89911277360609e-02  -5.80879990873661e-02
  -3.16748339310547e-01   6.51372446636565e-02   1.43108534986643e-01  -9.36975537238904e-02  -1.03738267388329e+00  -3.00326029230226e-01  -3.25389286468105e-01  -5.39030922973712e-01   4.28730368962275e-01   5.80973358244314e-01
   2.57570958161776e-01  -2.76288985842053e-01  -1.55781044013525e-01  -5.55899177864853e-03   5.86938217288668e-02  -2.73257855405441e-01   1.63194181278114e-01   1.26067650962493e-01   8.48363421772162e-01   8.62377457010243e-02
   3.93129855606799e-01  -1.82416540728098e-01  -1.10727935092505e-01   4.83089310625244e-02   2.90992335383287e-01   1.96535186091239e-01   6.25896643445699e-02   4.28424126375467e-01  -1.50314268485915e-01   6.86739744718651e-02
   5.15231775937464e-02  -5.43645197126189e-01  -6.62438260200656e-01  -1.42248435350283e-01  -4.78570295104655e-01   3.53301294949961e-01   9.28983996528868e-02   2.90651377864441e-01  -4.25068948849419e-01  -8.01470957686818e-01
   2.69003142708057e-01   1.46833324995783e-01   6.68142281469600e-01  -2.18712710837766e-01   3.34357367311777e-01  -3.73782513459404e-01  -9.29313991525816e-02   6.44087263441097e-02   3.41724549560304e-01   2.26583754737832e-01
   5.07728540516016e-01   4.19112234744394e-01  -1.78627693232557e-01  -8.55742789701668e-02  -7.46468527524223e-01   2.52734805980497e-02  -8.69648565848740e-01  -2.52976981583539e-01  -6.75399964206683e-01  -6.48925476676248e-01
   1.04135932431531e-01  -3.36077908185604e-01   2.29468140438945e-01   3.47280541478217e-01   7.20693357859269e-03  -6.32289414491116e-01  -9.50407228683507e-01  -2.57762873736897e-01  -1.53480129997042e-01  -2.97847315217091e-01
   4.29688555248953e-01   5.08050059799178e-01   3.05449836466163e-01  -8.23777085714150e-02  -3.54728953186536e-01   2.46714610770412e-01   3.53991645388461e-01   1.33853253138539e-01  -9.12137002091539e-01  -7.51981830843215e-02
   1.39506415566243e-01   4.09736289075833e-01   3.53396522013456e-01  -6.57095313653134e-01   3.50163420666490e-01  -8.61130426436326e-02  -1.83900844513092e-01   2.07298113402917e-01  -2.81986636995796e-02   3.73728772295217e-01
  -5.47439889914527e-01  -4.39730701297587e-01  -2.78078104771408e-01   4.76414287396693e-01  -5.93875411634108e-01   2.69094480500176e-01  -6.33836144668387e-01  -3.52490034178991e-01  -7.03189174785493e-02   8.83204674525286e-01
   2.24206299639421e-01  -6.78192421688931e-01  -7.64909217211149e-01   2.16014638701629e-01   2.45637462339324e-01   2.75344530305717e-01   5.02761469524912e-01   7.30834884716358e-01   9.01147402883443e-01   4.25749142242669e-01
  -1.25417067236400e-01   2.05547645311635e-01   2.76577468949239e-01  -2.42031038681117e-01  -2.79247579431207e-02  -4.18279796371402e-01   1.13118243316497e-01  -4.79447860043264e-01   2.66531386941253e-01  -4.40648929715658e-03
  -3.40653179203422e-01  -1.06650913644799e-01   1.22806043696466e-01  -1.29579490921075e-01  -1.03368465572707e-01   5.47297278535874e-01   3.95641524786743e-01  -2.31323562885592e-01   1.38131827648275e-01  -2.18593436461477e-01
   6.62073426002933e-02   4.02311690565935e-01   3.74252151977021e-01   6.06389971125790e-01   4.19864463150869e-01  -7.28630077905397e-02   6.79604341326762e-02   1.00940373103129e-01   6.36296216782710e-02   1.85956400761161e-01
   4.78091586333657e-01   3.87807157964323e-01   1.02456679985242e+00  -5.75529865437484e-02   8.06687282177173e-01   2.94271840399843e-01  -2.51449370193391e-01  -1.96354575249041e-01  -1.44139367799807e-01  -2.42104710475066e-02
   1.51909581766809e-01  -8.64001762342607e-01   2.16914160610205e-01  -2.02198191277220e-01  -1.23316058896636e+00  -4.16063220666135e-01  -2.02347048504087e-01  -2.62504823146400e-01  -6.47707515905151e-01  -9.26841145376913e-01
  -2.95261578680778e-01  -2.35208292328299e-01  -4.67971307681687e-01   1.42335175517643e-01   2.69707477167803e-03   5.49654106046828e-01   9.28893470579610e-02   1.41265521850588e-01   3.11358526022118e-01   4.39919349684454e-02
   6.08172534764883e-01   9.59600743660452e-02   5.67900526666347e-01  -1.38616811662409e-01  -7.07295567546125e-01  -2.27085080161908e-01  -2.19660751835895e-01   1.88347552868832e-02   1.46387493779439e-01   3.09893129278025e-01
