  -3.26797786945510e-01  -1.04540556647716e-01  -3.75889620059188e-01   5.30035241453907e-02  -2.62943185216746e-01  -1.68963436679296e-01   6.12489026068734e-02  -3.62719914462726e-01  -2.66289778574060e-01  -3.53857516899748e-01   4.45475327297778e-01   1.35812425474517e-01  -2.38146672055259e-01  -2.19552955070434e-01  -3.59760715201102e-01  -9.09801908469744e-02  -2.90666484701224e-01
   1.91965506973823e-01  -2.23364326773207e-01   4.31959803149312e-02  -9.03345513993780e-01   9.45562844456430e-02   2.19502498264095e-01   6.33337599837338e-01   1.50706458473746e-01  -1.33385330072086e-01  -1.50562809195075e-01   2.09065353883565e-01  -9.58324608611210e-02  -1.16716040220004e-01   3.02763702043429e-01  -1.61498140218398e-01   1.49089851738612e-02  -1.66488176777698e-01
  -5.06190513484344e-02   3.17196264276662e-01  -5.34954607471821e-02   2.49107987354208e-01  -6.13321238337735e-02  -5.51592765501736e-02  -1.99580055406314e-01  -2.73766848196215e-02  -3.32045198069572e-02   1.53955642376212e-01  -1.04849975896886e-01   1.66097046544527e-01   1.00713373728780e-01  -3.27124136887416e-01  -4.06318588068344e-01  -8.76158076079158e-02   1.37966980024338e-01
  -3.40065584251650e-01   8.76451672548621e-03  -1.02961874034304e-01   5.64118867452695e-02  -3.33906085008967e-01  -3.78377220508425e-01  -4.30247232560850e-02  -3.60685082052266e-01  -2.86442519729271e-01   1.26314370770084e-01  -4.45166946639530e-01   2.68773771153327e-01  -4.25976940382991e-02   1.20785019254106e-01  -9.27880739395620e-03  -2.53566651819578e-01   1.00422012038830e-01
   1.21661406604706e-02   2.56321203381779e-01   1.25497859557219e-01  -5.95543887416772e-02   4.26130392175661e-02   3.71347163467754e-02  -3.82105067479557e-01   6.00501459968409e-02   1.80981158535315e-01   3.44463981294659e-01  -3.26737214277494e-01   1.90468022603635e-01   2.87873033838628e-01  -3.68632395567938e-01  -1.80426985926011e-01  -2.70289653463708e-01   3.81716243039904e-01
  -5.51080160147387e-02  -1.24173847928896e-01  -8.04789950771460e-02  -6.60376620034244e-04   5.44876810207644e-02  -5.59871090772737e-02   1.17610820931416e-01  -1.97781438828301e-01  -1.15682492771214e-02   5.00091394374606e-02  -9.88135063371039e-02  -6.72335727342374e-02  -1.99682435087644e-01   6.70764936341448e-02  -7.68475118130555e-02   7.71765266703888e-02   3.56957067993485e-02
   1.19827491712993e-01   2.73843684023049e-01  -3.11410283674587e-01  -1.73117772602056e-02  -6.81024231420322e-03   9.06813519630165e-02  -4.69343311269342e-01   8.02507895825201e-02   1.48354091371610e-01  -4.67306034162898e-01   5.77962741956313e-01   2.83881204395453e-01   2.07674725680986e-01   1.16786865184896e-01  -5.18231971771276e-01   7.32899047010422e-02  -3.74153903060710e-01
  -5.10479816126847e-02   3.54722893559420e-01   4.77102959562487e-02   3.43098486879491e-01  -2.19918018355113e-02  -3.93116758721177e-02  -5.60106439771766e-01  -6.96509715195673e-03   2.87342901773045e-01   1.80012567567646e-01  -3.44822629589476e-02   2.83487114588615e-01   6.78196541222145e-01  -3.37188212843231e-01  -1.20973079739806e-02   1.13662855501986e-01   1.28694175358985e-01
  -1.43024902563288e-01  -8.06620409811092e-02   2.36116210726319e-01   1.67660097814631e-01   6.26282020252772e-02  -2.88732451270888e-02   3.34791509005696e-01   3.45100458961635e-02  -8.53536818939911e-04   1.70608920711091e-01  -2.27506201307262e-01  -2.59145861684372e-01  -2.84855373252624e-01  -8.52166810675418e-02   2.87710938850734e-01  -4.76032495890281e-01   1.62750302840687e-01
  -9.73608281539133e-02  -3.54651001781959e-01  -1.04216648396987e-01  -3.63645835483522e-01   3.44674759118328e-01   3.67810876717933e-01  -1.36361433687901e-01  -2.34400009424211e-01  -8.14693883804383e-02  -1.39497434389128e-01   2.21027370497885e-01  -2.78304096376442e-01  -3.53083507126696e-01   3.14689214003049e-01   8.31102895055256e-02   3.38105796774114e-01  -3.67813618162461e-01
   3.38060795141250e-01  -6.39434643353547e-01  -5.14903733646482e-02  -2.90049381314158e-01   3.94237044348922e-01   5.91436221402724e-02   3.33545657419437e-01   2.00942377793976e-01  -7.54860549833808e-02  -2.10933113692777e-01  -3.10944051439617e-01  -3.22377374270359e-01  -6.95043276071534e-01   4.06267646431575e-01   4.88915732072536e-01   3.88897088475154e-01  -2.78125483414326e-01
  -4.73685832814369e-01  -2.84696313337827e-01  -2.32296734814515e-01   3.37039932798692e-01  -2.39193663845864e-01  -1.88620363485384e-01   2.29326083236685e-01  -3.44897545361016e-01  -2.44354380908829e-01  -1.22419373230953e-02  -7.19474680898860e-02   1.08748172890376e-01  -2.73147883147890e-01  -1.15195603359989e-01   1.76953812502815e-01  -1.25902627703373e-01  -2.81255909633610e-02
   2.21429261016972e-01   2.27356045396063e-01  -1.78725036048082e-01   3.10272684831014e-01   3.31750201279805e-02   3.10475321784274e-01  -3.10210552750684e-01   2.06191358828367e-01   1.07557923979691e-01  -2.97349578868766e-01   2.40715511668801e-01  -1.70462909735887e-01  -1.96943783137895e-01  -4.01762000194171e-01  -1.60858084985482e-01  -3.06257184033787e-02  -2.79813492529515e-01
  -9.93281563339806e-02  -1.78903567393522e-01   3.22118136690138e-01  -6.75680114623270e-01  -4.23634031441091e-02  -1.77965865303660e-01   5.52527383028376e-01  -1.98366875970192e-01  -1.02576005126393e-01   4.06386370230072e-01  -4.37467073633280e-01   1.26621718795136e-01  -4.45312119563883e-01   1.05506467389043e-01   1.96355407502624e-01  -1.88998340380668e-01   3.89912712606166e-01
   2.08572831050187e-01   2.30300411781474e-02   3.97946848139759e-02   2.73109559139754e-01   3.65762013149694e-01   1.99792471238860e-01   1.96477893747588e-01   2.01856340884335e-01   3.97412627609102e-01  -2.20550340440777e-01   1.94939007649577e-01  -3.68479233225163e-01   5.35528647337488e-02   2.37866036187131e-01   3.83716845941964e-01   3.01129750103857e-01  -1.78801616132308e-01
  -4.53985513715546e-02  -8.33826581118530e-02   2.25858170763167e-01  -3.45267698028705e-01   4.25488608000315e-02   4.88955732336188e-02  -1.38929464437955e-01   4.42057402781621e-02  -9.72844235000862e-02   7.06369515196957e-02  -1.29630507298738e-01  -2.34322093141767e-01   4.25147240661678e-03  -1.40829968721567e-01  -1.69652414245857e-01   2.25113020434632e-01   7.20042295373647e-03
  -3.56100843503935e-02   1.49733517097098e-01   2.17699226662318e-01   2.12219879665856e-01  -4.66929836160236e-03  -7.55981206653572e-03  -3.16454234182566e-02   4.86284655822766e-02   2.20238561030402e-01   2.99732319455403e-01  -2.33517567776653e-01   3.09287147928758e-01  -4.46201905665338e-02  -1.05791286061786e-01  -1.19987151577446e-01  -3.80914664450415e-01   4.13857115695570e-01
   1.44184719595360e-01  -3.10328555612974e-02  -2.85320860247133e-01   4.67129137839565e-01   2.45329727727198e-01   1.99767658244891e-01  -4.92051416222060e-01  -9.10105098672201e-03  -9.62852646080917e-02  -3.71089133054236e-01   1.54905659233906e-01  -3.60094987374872e-01   1.36624833623372e-01  -6.83895690918879e-02   1.73781853942876e-01  -8.65780620755456e-01  -4.01715733580307e-01
   4.54284730615470e-01   5.67991823428112e-02   1.55775509662987e-01  -2.19995838447658e-02   4.39753339442858e-01   4.99471492901438e-01   1.14065911109543e-01   4.57648610394441e-01   4.13011285283493e-01  -1.69249692090014e-01  -1.53580014327052e-01  -2.78739927354568e-01  -4.10412444252543e-02  -1.45285143036430e-01  -9.16842451346236e-02   3.41206912557512e-01  -1.81767630008003e-01
  -5.79154567920053e-01  -2.88152426763304e-01  -3.47953382671314e-01   3.92799558546990e-01  -1.11221524182255e-01  -1.06532630817733e-01  -2.05419021781810e-01  -5.24845828361491e-01  -3.45397705295080e-01   7.78641518599198e-02  -1.24597201300441e-02  -3.23776327158591e-01  -1.31602410604856e-01   1.19752072585426e-01  -2.61019370047114e-01  -5.24801280623508e-02   3.03854830085650e-01
   3.40555167096902e-01   3.38203519057343e-01  -5.91684240874973e-02  -5.91281020509501e-02   1.95523157809130e-01   2.04461802299577e-01   3.34897553104457e-01  -1.40969844540792e-02   2.99337497033615e-01  -1.78249857663696e-01   1.94198713682796e-01  -2.93549084878565e-01   3.36298659281602e-01  -2.58969190800669e-01  -2.03731777325923e-02   3.66225920705381e-01  -1.78184372473366e-01
  -9.57387064786858e-02  -3.38112965017331e-01  -3.22812548333848e-01   4.99718308903605e-01   7.16344825202072e-02  -2.17450972713601e-01   2.98864548178315e-03  -4.83053840318098e-01  -1.27527438798988e-01  -8.77894333407087e-02  -3.42132607918507e-01   1.21433471309476e-01  -2.79838553000413e-01   2.59194312962155e-01   4.20986457384616e-01   3.09496654653811e-02  -1.03381518869648e-01
   2.09898916464157e-01   1.12246747293230e-01  -2.24462361279338e-01   1.26591270773032e-01   2.42194802010479e-01   2.02503599586140e-01   2.10325750204584e-01   2.47541601370504e-01   1.08855595782138e-01  -4.29040932833944e-01   4.34090894004933e-01  -6.44092254006943e-01   5.65350113992786e-02  -8.42265018635479e-02  -6.79742562079765e-02  -7.85462497806032e-02  -4.33304230087338e-01
   1.12875071298050e-02   7.89670133242988e-02  -5.66214388340648e-01   6.33384198227929e-01  -2.74986120042882e-01   5.47533199467446e-02  -1.93342317380312e-01  -2.03740998898046e-01   1.13053284549475e-01  -5.26570062941128e-01   5.78709162940606e-01   1.96901156595143e-01   8.08247860856859e-03   1.06618414455612e-01  -2.60893965273916e-01   3.14655022117657e-01  -5.19634989179023e-01
  -1.46425505699319e-01  -1.30107235420808e-01  -2.90874125642781e-02  -1.53269804970216e-01  -2.24418835861937e-01  -2.54270171478965e-01  -1.13663047660282e-01  -1.11289526692176e-01  -1.54148090060822e-01  -2.40411887032045e-03  -2.48895392948451e-02   2.21336347864645e-01   5.55004612832054e-02  -1.45169491327785e-01  -1.01136704911414e-01  -1.22406452995874e-01  -2.38917872328327e-02
   1.09527499940743e-01   1.53428643184827e-01   3.55443281366435e-01   1.43093325683484e-01   2.88809619600856e-01   2.89378425342224e-01  -3.21143474771921e-01   1.79075749322147e-01   1.03531979676681e-01   1.88528073843031e-02   2.69424459621598e-01  -1.60483825424375e-01   2.37165703043541e-01  -1.32774490062039e-01  -2.35830194937163e-01   3.09596262184280e-01   2.84444827247241e-02
   1.58348348870802e-01   2.53681014536561e-02   8.87416985531809e-02   1.29554770945595e-01   1.95427910394114e-01   2.16752555486966e-01   4.47355453430950e-01   1.74876317158724e-01   1.06199067393469e-01   1.58833478215717e-01  -1.66853977392776e-01  -4.14069715308310e-01   1.36121031927564e-01  -2.23980005631862e-01  -1.18793340390624e-02   5.87599026213260e-03   1.89928263458956e-01
  -1.84352689127235e-01   4.11737540686534e-04  -1.94995782662586e-01   1.28196351445352e-01  -2.15232218094285e-01  -1.24747955846763e-01  -1.01588202174819e-01  -1.64487150925315e-02  -2.43451636987616e-02   3.41228271981640e-02   4.28090439548021e-02  -1.71083290169191e-01   1.19470594098389e+00  -2.57343342236045e-01  -1.86941625152009e-01   5.53633122475976e-01   2.95222466897705e-01
   9.03811702823468e-02   2.50425178010833e-01   9.47834616722330e-02   3.49084991963700e-01   4.70066315922175e-02   2.76314588952998e-01   3.83382263580982e-02   7.76408338035431e-03   2.83137346510766e-02  -1.21762678373013e-01   1.81734052302264e-01  -2.47879136810293e-01   2.72247304193950e-02  -1.17594928087146e-01   8.34650271634972e-01   9.73897426567828e-02  -1.19714494846491e-01
  -1.72114929048577e-01  -1.31161677538353e-01  -2.68349637232310e-01  -9.13128102874100e-02  -1.41454300538202e-01  -1.59742474234043e-01   6.25388815410118e-02  -1.24960697041420e-01  -1.48634322543730e-01  -1.58419960340598e-01   8.53966451274248e-02   3.03418346986087e-02  -3.65597261966750e-01   1.40959916273407e-01   3.06533900707776e-01  -7.93564698920111e-01  -1.97989489060515e-01
   3.01902955640516e-01   1.18950393342440e-01   3.24806134714274e-01  -2.02401070593434e-01   2.87270444381425e-01   3.11456044764248e-01  -2.64930598532216e-01   3.39523684175416e-01   2.56346885171075e-01   6.00300326775533e-02  -8.18397931892374e-02  -2.15773650464199e-01   2.80206292156411e-01   1.06780257696860e-01  -1.90357597357134e-01  -1.87183337377956e-01   9.93292472992865e-02
  -6.66795373181188e-02  -1.44725038071497e-01  -1.05937477828802e-01   3.30853375153415e-01  -3.47496063435810e-01  -2.72489722026165e-01  -3.06280532633041e-01  -1.49645260350690e-01  -2.01870134073389e-02  -3.01387924706616e-02   1.97136414658352e-01   1.33897929382962e-01   1.00097212991639e-01  -2.37047055505645e-01  -2.01005821192158e-01  -5.50372277132215e-02   8.56827297033965e-02
  -1.76931152044669e-01   5.99495267869574e-02   1.12233128593252e-01   3.29056673880796e-01  -1.78266841359479e-01  -3.53608405907126e-02   9.72838873761393e-02   7.38970265031073e-02  -1.73950474931946e-01   6.57311609627083e-02  -1.22687932421137e-01   1.01417832679583e-01   8.55911438283138e-01  -1.97004285075255e-01   6.56934484746513e-02   1.61961209555253e-02   7.07346782350477e-02
  -8.80721465763711e-02  -1.31041661503102e-02   4.18513632849154e-02  -1.27749887230063e-01   3.28519896874749e-02   1.90909474959056e-01  -1.23075409316235e-01  -7.29598918493114e-02  -1.88188430933301e-01  -7.24746870252778e-02   1.65199171490391e-01  -2.26646521778106e-03   2.60185177805222e-01   9.63145994212661e-02  -3.22508831989092e-01   5.45225954115559e-01  -9.95459413125541e-02
  -1.97197255976440e-01  -4.40929897841007e-02  -5.14412561729751e-01  -4.35183920332123e-01  -3.31434514645405e-01  -3.77765888837441e-02  -3.33370920107878e-01  -3.91097629928987e-01  -2.81169177747982e-01  -2.08099597369879e-01   3.27218256197651e-01   2.30115743459867e-01  -7.80304198538999e-01   1.20020853506710e-01  -3.17788638833402e-01  -3.36392258054304e-01  -4.46619722386658e-01
  -2.38776883211894e-01   2.62718782169926e-01  -3.23980864279272e-02   3.86295441144065e-01  -1.54933403842077e-01  -9.78374766373025e-02  -5.27035352422561e-01  -5.13304488523534e-02  -1.07549312706064e-01  -3.41677747660471e-02   7.36080068771360e-02   2.28610812049813e-02   9.52439431411140e-02  -2.68508435200964e-01  -1.92927526892273e-01   5.44206185268627e-01   3.60968979690051e-03
   1.95549793966624e-01   1.70029254478809e-01  -5.12812451559753e-02   3.02438657409767e-03  -3.72738739600752e-01  -4.01138325909606e-01   7.01287544121471e-02  -1.56065858898067e-01   8.53880734161182e-02   1.62026519648373e-01  -6.31988964924665e-02   3.23785467648857e-01   1.81349569033375e-01   1.19242758073397e-01  -3.87599832454993e-02  -3.95486155166787e-01   1.87934532340839e-01
   1.56808454104323e-01  -3.66065403796373e-01   1.70707961715939e-01  -3.07763803288352e-01   1.93464670017107e-01   2.43063867470024e-01   3.61655349085220e-01   1.51504784578172e-01   9.26588783531193e-02  -8.32284065544670e-03  -1.61028289137356e-01  -1.51229274983067e-01   4.40523708778934e-02   3.23509075434204e-01   2.80738652192155e-01   1.64014076290814e-01  -4.60082995312448e-02
  -3.49725211022925e-02  -2.59708963607608e-02   6.09352980061676e-03  -2.98334082102989e-01  -3.75679017610966e-01  -3.67003379655083e-01  -3.11453208503130e-01  -1.23735471129692e-03  -1.86547380058653e-02  -6.16526869794552e-02   3.37928624774383e-02   9.60559773655213e-02   9.06337807926582e-02   1.10619523513684e-01  -1.39914466967407e-01  -1.75306869794098e-01   5.15500559961528e-02
  -1.00810944516503e-01   6.84850234326276e-02  -2.82820230335426e-01  -3.31805642772196e-02  -3.23013155408066e-02  -2.89313263744410e-02  -2.05597817485795e-01  -1.10758452580001e-01  -2.37440798409342e-01  -5.31145591777205e-01   5.82948094006879e-01  -2.37365260375570e-01  -6.36782394716803e-01   1.41815259805982e-01   1.18261836077641e-01   4.29943335772443e-01  -5.07088247153443e-01
  -5.91940296250643e-01  -2.98607761569199e-01   1.24807433136889e-01   1.63032808236115e-01  -6.62144037781592e-01  -4.19127190775723e-01  -2.57124188070613e-01  -2.80684900490954e-01  -4.01772274068381e-01  -4.20399396258972e-02   7.20175063884030e-02   2.27341190850962e-01   7.22655743622836e-01   2.27039457122653e-01  -3.55032304567453e-01   6.28819727280663e-02   1.78548417514630e-01
   2.72899847996240e-01   3.13631557737301e-01   8.54586537804560e-02   5.60792320974568e-02  -2.32468143868219e-01   7.44656816694730e-02  -2.92185797530200e-01   5.04823014957415e-02   2.92709514050788e-01  -9.49166957059586e-02   1.06236584580226e-01  -1.77362179863265e-01   6.43748212344903e-01  -3.37096835440475e-01  -2.16046535821500e-01   3.50246924622655e-01  -4.38527783439344e-02
   1.00333937397687e-02  -2.07347995130404e-01   2.54237186019602e-01  -4.67192604573324e-01   3.48626860294014e-01   2.63373659412665e-01   5.16538528258240e-01   1.19267525763290e-01  -2.97455895519696e-03   6.96601682443466e-02  -8.12615857671195e-02  -2.06691254740322e-01  -3.69174974752459e-01  -3.37266199809279e-02   6.82456281918341e-01  -4.58693771581535e-02   2.31998495676005e-01
   5.08855154925970e-01   4.87196993792844e-01   2.86333247455900e-02  -3.60941471194674e-01  -8.21350916773204e-03  -6.20707738781994e-02  -7.04994724563268e-02   1.70319208362684e-01   3.98881102503950e-01   1.45719064747142e-01  -2.56400872477351e-02   1.28943678103467e-01   5.34033386126749e-01  -3.32771490632747e-01   1.24794702532111e-02   2.73554667620493e-02   1.14388512907872e-01
   1.09844939698276e-02   6.12410866395697e-02   4.02128099379349e-01  -2.72477410635321e-01  -8.27757978346542e-02  -1.81369652932470e-01   3.52871734258015e-01  -7.22122470761292e-02  -2.22568237445307e-02   4.13982511441314e-02  -3.12193980138334e-01   1.76498264356422e-01  -2.42202067206908e-01  -8.71906925143593e-02   8.17236487596632e-02   1.10483947580522e-01   4.40406211663622e-02
  -1.51269614849939e-01  -6.33177806550902e-02   8.26239668527261e-02  -1.93926852100415e-01  -1.26936892570431e-01  -2.26364622630436e-01  -6.79128505330705e-02  -1.75042173458557e-01  -1.00856056650543e-01   1.59687335140564e-01  -2.05026709954252e-01   1.77129342052110e-01   6.52033049548278e-02   1.07993481665430e-01   1.48785969002199e-01  -4.86588176617730e-02   1.42653306665512e-01
  -7.46330028958960e-02   4.27649980706706e-01   4.74976098704122e-01  -6.08481449186746e-01  -1.40779817646762e-02   1.17412119654096e-01  -4.15007935600591e-01   9.61399470882772e-02  -4.99092323939749e-02   4.87225649893330e-01  -6.60427984288056e-02   2.75803865653771e-01   4.86529286857521e-01   4.00166591642914e-02  -2.88726920185252e-01   2.19214855006697e-01   4.96849116333904e-01
  -9.31222962895779e-02   1.00817237200506e-01  -1.26299869238477e-01   5.02508548316453e-01  -1.33597285499670e-01  -1.49307213810334e-01   3.45892028669480e-03  -9.19623732586659e-02  -1.86351331137828e-02   7.23798151419539e-02  -6.34624599221900e-02   2.51375740583117e-01   3.75549024293962e-02  -2.74994592071616e-01   6.91769514961284e-02  -2.54199795932602e-01   9.51492831146185e-02
   1.61148858010253e-01   2.19530393480861e-01  -4.86008736453530e-03   2.45466410333862e-01   2.62029268207888e-01   2.84623210056226e-01   3.12411875832059e-01   3.08635230300192e-01   1.60515231742738e-01  -1.42902729729056e-01   1.96534572728758e-01  -1.29720264137912e-01  -8.07955238310987e-03  -9.54524707666198e-02   3.38420931574854e-01  -1.32971366636882e-01  -2.04598442601041e-01
  -2.89074134519016e-01   1.39371410562898e-01   3.06362859645439e-01   1.07810579055607e+00  -5.46769542848917e-01  -5.18637616388148e-02  -5.89646156774196e-01  -9.55086190136429e-02   1.28194015384471e-01  -2.50111588235535e-01   3.88090371076316e-01   8.05148764723654e-02   5.67557115447017e-01  -2.29804514689989e-01  -3.94387627604341e-01   9.11805261158379e-01   6.09047491454791e-01
