   3.44827586206897e-02
   0.00000000000000e+00
   1.03448275862069e-01
   1.37931034482759e-01
   6.89655172413793e-02
   3.10344827586207e-01
   3.44827586206897e-01
   3.79310344827586e-01
   3.10344827586207e-01
   4.48275862068966e-01
   4.48275862068966e-01
   5.17241379310345e-01
   3.79310344827586e-01
   4.82758620689655e-01
   4.48275862068966e-01
   5.51724137931034e-01
   5.17241379310345e-01
   5.17241379310345e-01
   5.17241379310345e-01
   4.82758620689655e-01
   5.51724137931034e-01
   5.51724137931034e-01
   5.51724137931034e-01
   5.51724137931034e-01
   6.20689655172414e-01
   6.55172413793103e-01
   5.51724137931034e-01
   6.20689655172414e-01
   6.20689655172414e-01
   6.55172413793103e-01
   5.86206896551724e-01
   3.79310344827586e-01
   4.13793103448276e-01
   6.55172413793103e-01
   6.89655172413793e-01
   6.89655172413793e-01
   6.89655172413793e-01
   7.24137931034483e-01
   6.89655172413793e-01
   6.89655172413793e-01
   5.86206896551724e-01
   6.55172413793103e-01
   7.24137931034483e-01
   7.58620689655172e-01
   7.58620689655172e-01
   7.24137931034483e-01
   7.58620689655172e-01
   7.58620689655172e-01
   7.24137931034483e-01
   7.24137931034483e-01
   8.62068965517241e-01
   7.93103448275862e-01
   7.93103448275862e-01
   8.27586206896552e-01
   7.93103448275862e-01
   7.93103448275862e-01
   8.62068965517241e-01
   8.27586206896552e-01
   8.27586206896552e-01
   7.24137931034483e-01
   6.20689655172414e-01
   7.58620689655172e-01
   7.24137931034483e-01
   7.93103448275862e-01
   7.58620689655172e-01
   7.93103448275862e-01
   8.27586206896552e-01
   8.27586206896552e-01
   7.58620689655172e-01
   8.27586206896552e-01
   7.58620689655172e-01
   5.86206896551724e-01
   6.55172413793103e-01
   7.58620689655172e-01
   7.93103448275862e-01
   7.24137931034483e-01
   7.93103448275862e-01
   7.93103448275862e-01
   8.96551724137931e-01
   8.27586206896552e-01
   7.93103448275862e-01
   7.93103448275862e-01
   9.31034482758621e-01
   8.96551724137931e-01
   8.27586206896552e-01
   9.31034482758621e-01
   8.96551724137931e-01
   8.96551724137931e-01
   8.62068965517241e-01
   8.27586206896552e-01
   8.62068965517241e-01
   8.96551724137931e-01
   8.96551724137931e-01
   8.96551724137931e-01
   8.96551724137931e-01
   8.96551724137931e-01
   8.96551724137931e-01
   8.96551724137931e-01
   8.96551724137931e-01
   8.96551724137931e-01
   8.96551724137931e-01
   8.96551724137931e-01
   8.96551724137931e-01
   8.96551724137931e-01
   8.96551724137931e-01
   8.96551724137931e-01
   8.96551724137931e-01
   8.62068965517241e-01
   8.96551724137931e-01
   8.62068965517241e-01
   8.96551724137931e-01
   8.96551724137931e-01
   8.96551724137931e-01
   8.96551724137931e-01
   8.96551724137931e-01
   8.96551724137931e-01
   8.62068965517241e-01
   8.96551724137931e-01
   8.96551724137931e-01
   8.96551724137931e-01
   8.96551724137931e-01
   8.62068965517241e-01
   7.58620689655172e-01
   7.58620689655172e-01
   7.58620689655172e-01
   8.62068965517241e-01
   7.58620689655172e-01
   8.27586206896552e-01
   7.93103448275862e-01
   8.62068965517241e-01
   9.65517241379310e-01
   8.96551724137931e-01
   8.96551724137931e-01
   8.96551724137931e-01
   9.31034482758621e-01
   8.62068965517241e-01
   8.96551724137931e-01
   9.65517241379310e-01
   9.65517241379310e-01
   9.65517241379310e-01
   9.65517241379310e-01
   9.31034482758621e-01
   9.31034482758621e-01
   9.31034482758621e-01
   9.31034482758621e-01
   9.31034482758621e-01
   9.31034482758621e-01
   9.31034482758621e-01
   9.31034482758621e-01
   9.31034482758621e-01
   9.31034482758621e-01
   9.31034482758621e-01
   9.31034482758621e-01
   9.31034482758621e-01
   9.31034482758621e-01
   9.31034482758621e-01
   9.31034482758621e-01
   9.31034482758621e-01
   9.31034482758621e-01
   9.31034482758621e-01
   9.31034482758621e-01
   9.65517241379310e-01
   9.65517241379310e-01
   1.00000000000000e+00
   1.00000000000000e+00
   1.00000000000000e+00
   1.00000000000000e+00
   1.00000000000000e+00
   1.00000000000000e+00
   1.00000000000000e+00
   1.00000000000000e+00
   1.00000000000000e+00
   1.00000000000000e+00
   1.00000000000000e+00
   1.00000000000000e+00
   1.00000000000000e+00
   1.00000000000000e+00
   1.00000000000000e+00
   1.00000000000000e+00
   1.00000000000000e+00
   1.00000000000000e+00
   1.00000000000000e+00
   1.00000000000000e+00
   1.00000000000000e+00
   1.00000000000000e+00
   1.00000000000000e+00
   1.00000000000000e+00
   1.00000000000000e+00
   1.00000000000000e+00
   1.00000000000000e+00
   1.00000000000000e+00
   1.00000000000000e+00
   1.00000000000000e+00
   1.00000000000000e+00
   1.00000000000000e+00
   1.00000000000000e+00
   1.00000000000000e+00
   1.00000000000000e+00
   1.00000000000000e+00
   1.00000000000000e+00
   1.00000000000000e+00
   1.00000000000000e+00
   1.00000000000000e+00
   1.00000000000000e+00
   1.00000000000000e+00
   1.00000000000000e+00
   1.00000000000000e+00
   1.00000000000000e+00
   1.00000000000000e+00
   1.00000000000000e+00
   1.00000000000000e+00
   1.00000000000000e+00
   1.00000000000000e+00
   1.00000000000000e+00
   1.00000000000000e+00
   1.00000000000000e+00
   1.00000000000000e+00
   9.65517241379310e-01
   1.00000000000000e+00
   1.00000000000000e+00
   1.00000000000000e+00
   1.00000000000000e+00
   1.00000000000000e+00
   1.00000000000000e+00
   1.00000000000000e+00
   1.00000000000000e+00
   1.00000000000000e+00
   1.00000000000000e+00
   1.00000000000000e+00
   1.00000000000000e+00
   1.00000000000000e+00
   1.00000000000000e+00
   1.00000000000000e+00
   1.00000000000000e+00
   1.00000000000000e+00
   1.00000000000000e+00
   1.00000000000000e+00
   1.00000000000000e+00
   1.00000000000000e+00
   1.00000000000000e+00
   1.00000000000000e+00
   1.00000000000000e+00
   1.00000000000000e+00
   1.00000000000000e+00
   1.00000000000000e+00
   1.00000000000000e+00
   1.00000000000000e+00
   1.00000000000000e+00
   1.00000000000000e+00
   1.00000000000000e+00
   1.00000000000000e+00
   1.00000000000000e+00
   1.00000000000000e+00
   1.00000000000000e+00
   1.00000000000000e+00
   1.00000000000000e+00
   1.00000000000000e+00
   1.00000000000000e+00
   1.00000000000000e+00
   1.00000000000000e+00
   1.00000000000000e+00
   1.00000000000000e+00
   1.00000000000000e+00
   1.00000000000000e+00
   1.00000000000000e+00
   1.00000000000000e+00
   1.00000000000000e+00
   1.00000000000000e+00
   1.00000000000000e+00
   1.00000000000000e+00
   1.00000000000000e+00
   1.00000000000000e+00
   1.00000000000000e+00
   1.00000000000000e+00
   1.00000000000000e+00
   1.00000000000000e+00
   1.00000000000000e+00
   1.00000000000000e+00
   1.00000000000000e+00
   1.00000000000000e+00
   1.00000000000000e+00
   1.00000000000000e+00
   1.00000000000000e+00
   1.00000000000000e+00
   1.00000000000000e+00
   1.00000000000000e+00
   1.00000000000000e+00
   1.00000000000000e+00
   1.00000000000000e+00
   1.00000000000000e+00
   1.00000000000000e+00
   1.00000000000000e+00
   1.00000000000000e+00
   1.00000000000000e+00
   1.00000000000000e+00
   1.00000000000000e+00
   1.00000000000000e+00
   1.00000000000000e+00
   1.00000000000000e+00
   1.00000000000000e+00
   1.00000000000000e+00
