   2.60466733099106e+00
   2.93149707110578e+00
   2.21198193217148e+00
   2.13120722691572e+00
   2.21121680294650e+00
   1.79992342999861e+00
   1.98729142140712e+00
   1.84283016933287e+00
   1.80403921687800e+00
   1.61540223070895e+00
   1.64753780130627e+00
   1.46018996544396e+00
   1.57889400542623e+00
   1.37115641093829e+00
   1.43823459904445e+00
   1.35954369392289e+00
   1.32524529934484e+00
   1.25191497329811e+00
   1.24402354734539e+00
   1.15390161905090e+00
   1.15392534559204e+00
   1.16482558461653e+00
   1.08083420227292e+00
   1.03555002313801e+00
   9.92093483002519e-01
   9.56617919018314e-01
   9.52084920747137e-01
   9.19046610648388e-01
   9.13866574533597e-01
   8.58180967869628e-01
   9.44715250380838e-01
   1.81186188930696e+00
   1.39021140138028e+00
   9.51875898263435e-01
   8.37903194583932e-01
   7.97247900666570e-01
   7.64531233088583e-01
   7.32482494167692e-01
   7.49609097084504e-01
   7.30865929550425e-01
   7.57547319610694e-01
   7.11791568967448e-01
   6.54900458594031e-01
   6.33510970095521e-01
   6.20676298957758e-01
   6.13961775256198e-01
   5.90959589052456e-01
   5.83274635691975e-01
   5.59871784041319e-01
   5.93515129882596e-01
   5.34231590346811e-01
   5.13920895911554e-01
   5.26785496028539e-01
   5.92031188075847e-01
   5.24181431494732e-01
   4.75810840095092e-01
   4.69096826677048e-01
   4.36438129096946e-01
   5.63091241884857e-01
   7.08825477838054e-01
   7.98497027294106e-01
   5.41122480228351e-01
   7.14726055925031e-01
   5.60435314361858e-01
   5.66616199331218e-01
   5.33929130280891e-01
   4.84366067853949e-01
   4.59200210776893e-01
   4.41566324023846e-01
   4.24405304729428e-01
   5.16051499020353e-01
   1.17461386825934e+00
   7.38501725679056e-01
   5.50317750560761e-01
   5.25247898682103e-01
   5.68904770052606e-01
   4.49077431219693e-01
   4.19258347999077e-01
   3.62791600252278e-01
   4.54645887884796e-01
   4.74418014202116e-01
   3.99316870634445e-01
   3.44740948265264e-01
   3.52823373146407e-01
   3.79919044488601e-01
   3.16745099793008e-01
   3.21773655994219e-01
   2.91478712719128e-01
   2.93033813247825e-01
   3.31940822952847e-01
   2.96211568842816e-01
   2.83279434981793e-01
   2.65573351168227e-01
   2.49461685555557e-01
   2.41458439164276e-01
   2.35413171865919e-01
   2.28942546690651e-01
   2.23087997452866e-01
   2.18167350294147e-01
   2.13706342045556e-01
   2.09181992728720e-01
   2.05203993976501e-01
   2.01420350794607e-01
   1.98085415881754e-01
   1.94757592639175e-01
   1.92531536881019e-01
   1.90206320676975e-01
   1.86582084305167e-01
   1.84819528538876e-01
   2.39958475254364e-01
   1.80077185658668e-01
   1.78475905270112e-01
   1.76264797852517e-01
   1.73482317171525e-01
   1.72939307809534e-01
   1.70591017213924e-01
   2.16090345123697e-01
   1.72193554572887e-01
   1.68827834347931e-01
   1.65247274137356e-01
   1.64706990361285e-01
   2.57477727011669e-01
   3.52465549361664e-01
   5.45240473566592e-01
   5.33483929101874e-01
   2.93805796137828e-01
   4.90290952845414e-01
   4.07372084115694e-01
   5.23783786179996e-01
   3.57144117133938e-01
   2.57020497870980e-01
   2.97253566140949e-01
   3.03931508457618e-01
   2.86126191339685e-01
   2.46375371839597e-01
   2.91807782088503e-01
   1.94571134745782e-01
   1.77079415881619e-01
   1.64231141398024e-01
   1.63687253030239e-01
   1.59139760333500e-01
   1.56276335294463e-01
   1.53276593902543e-01
   1.50751319442978e-01
   1.48339963560696e-01
   1.46141877056698e-01
   1.44055462114991e-01
   1.42094131195602e-01
   1.40238384052863e-01
   1.38501526954902e-01
   1.36846117200395e-01
   1.35247589820670e-01
   1.33685322396499e-01
   1.32143789503856e-01
   1.30609248818491e-01
   1.29064099587540e-01
   1.27488479943642e-01
   1.25845460554386e-01
   1.24089988498497e-01
   1.21513755896295e-01
   1.24746247740250e-01
   1.17579745405307e-01
   1.15614713963962e-01
   1.13946607602365e-01
   1.12292430441611e-01
   1.10834513551005e-01
   1.09271290071665e-01
   1.07804255692829e-01
   1.06298150323299e-01
   1.04826451100399e-01
   1.03332278372220e-01
   1.01821185169691e-01
   1.00236759005730e-01
   9.84889865638482e-02
   9.64198223122920e-02
   9.39168509233036e-02
   9.11691561346003e-02
   8.85698588172006e-02
   8.62507858263517e-02
   8.40993307375798e-02
   8.20491818107117e-02
   8.17902096033555e-02
   7.97976268624533e-02
   7.81547742746976e-02
   7.62632140571605e-02
   7.50410446262009e-02
   7.31283465976820e-02
   7.21635939860335e-02
   7.02250671101592e-02
   6.95614238946820e-02
   6.74720713728061e-02
   6.66904998144439e-02
   6.49085171176031e-02
   6.38767825223742e-02
   6.26746428779312e-02
   6.14152954773476e-02
   6.06784169714164e-02
   5.91444871583889e-02
   5.82072662361523e-02
   5.74667326294898e-02
   5.61241697704752e-02
   5.54800805663401e-02
   5.44105583738860e-02
   5.35987555614465e-02
   5.33158527251303e-02
   5.17856074074855e-02
   5.10716044212869e-02
   5.06427545710291e-02
   4.94171572796340e-02
   4.87087921659522e-02
   4.80970534160646e-02
   4.72873607651806e-02
   4.67246307202426e-02
   4.59051244054832e-02
   4.52017590692294e-02
   4.46315894124432e-02
   4.37607392826982e-02
   1.08133884358891e-01
   4.30507445906182e-02
   4.22545733675295e-02
   4.16251240581776e-02
   4.10217201404009e-02
   4.03958169422346e-02
   3.98355091147267e-02
   3.91937248882706e-02
   3.86591804764668e-02
   3.81165168427168e-02
   3.75204585273091e-02
   3.70044733402684e-02
   3.64634739399306e-02
   3.59589634136457e-02
   3.54445781078354e-02
   3.49407024255523e-02
   3.44568560262789e-02
   3.39741612303504e-02
   3.35477671493168e-02
   3.30735142674750e-02
   3.26069650323481e-02
   3.21188055682230e-02
   3.16410850611868e-02
   3.11448731119233e-02
   3.43951760440885e-02
   3.05484505886883e-02
   2.98604364992785e-02
   2.93699993774665e-02
   3.25596690239844e-02
   2.88342394245075e-02
   2.82275689419530e-02
   3.14155255677984e-02
   2.77254668943167e-02
   2.72314804790158e-02
   2.68826715212622e-02
   2.65018940542835e-02
   3.00014726252461e-02
   3.46639195611837e-02
   2.59349094724565e-02
   2.55131197459343e-02
   2.51993029300575e-02
   2.48818904992622e-02
   2.45070798397892e-02
   2.86237842578866e-02
   2.40881249937482e-02
   2.37843841647595e-02
   2.35555411122659e-02
   2.32630640530795e-02
   2.30336184487862e-02
   2.27840377860388e-02
   2.25319557341037e-02
   2.23189473475590e-02
   2.20735345904666e-02
   2.18612947006576e-02
   2.16417461918732e-02
   2.14227593807137e-02
   2.12223587603516e-02
   2.10089946251600e-02
   2.08133401658455e-02
   2.06137671933414e-02
   2.04190923431637e-02
   2.02311948212365e-02
   2.00411092316857e-02
   1.98599034504781e-02
   1.96774451072397e-02
   1.95006819182795e-02
   2.33185552301231e-02
   1.92429211506642e-02
   1.90413941540945e-02
   1.88963308577353e-02
   1.87074503916462e-02
   1.85585012417131e-02
   1.83884913275803e-02
   1.82366534272715e-02
   1.80792238999766e-02
   1.79287563926357e-02
   1.77791787483587e-02
   1.76326286313829e-02
   1.74888007429970e-02
   1.73470140906669e-02
   1.72081559633813e-02
   1.70711994228887e-02
   1.69369941453386e-02
   1.68046976258887e-02
