   2.87249426636064e-01   4.88795926044259e-01  -1.89734716559428e-01  -6.76237545337576e-02  -4.96320110315329e-02   1.58115302612351e-01  -1.54701157421085e-01   2.76039506745633e-01   3.70904739432759e-01  -2.96890342716638e-01   3.52460413749966e-01  -1.42234547205955e-01  -9.39111052743230e-02   3.90864238622545e-01  -3.30443822287484e-01   3.32449551331337e-01  -2.91197238955150e-01
  -6.33446312353256e-02  -9.85005657341110e-02  -2.09893702962069e-01  -1.21847486356355e-01  -2.90567858646163e-01  -5.70896562819037e-02   9.18206988892345e-01  -1.09676204692786e-01  -2.22955458246236e-03  -2.73808303336773e-01   2.49970185107975e-01  -7.97854695988034e-02   1.21746642542104e+00   2.69027981616451e-02  -1.72919849463353e-02   1.02766535804443e+00  -3.62677244926133e-01
  -1.85128728459007e-01  -2.81548381183515e-02  -1.00746208211913e-01  -3.00899181505971e-02  -2.57883672538652e-02  -1.53277216240745e-01   7.17713423697633e-02  -2.52661997147190e-01  -2.06393526429052e-01  -2.51548785928962e-01   3.62383441956537e-01  -2.78087276703723e-01  -8.75130282820277e-02  -5.88206856787903e-02  -3.32113886374359e-01  -3.83809143497127e-01  -2.48237171666744e-01
  -2.59660991332566e-01  -5.08507962584377e-01  -1.65283827067138e-01   2.06085015981551e-01  -3.59162555344153e-01  -2.10971354926355e-01   8.09526475301910e-02  -5.12010902670476e-01  -3.38059596455166e-01  -8.23215359862236e-02   3.60580154583707e-02   2.38884737502830e-02   1.50684916566024e-01  -4.25777753502825e-01   1.99930515549870e-01  -1.35485762389187e-01  -9.52466362605209e-02
  -3.93978182367370e-01  -5.55105079090652e-01  -6.62980840812782e-05  -1.04377447356731e-01   9.06547335513052e-02  -2.62592854953932e-01   1.88425664787626e-01  -1.83087573627674e-01  -3.85582754602850e-01  -1.09556586485335e-02  -6.02388150970445e-02   1.49997326578573e-01   5.15780752336901e-02  -5.56348036983488e-01   4.48239188711210e-01   1.38432559720720e-01   1.55848209519579e-02
  -4.89637906136557e-02   1.53164495358250e-01   4.16901078198501e-02   4.10702013637640e-01  -3.36032095150415e-01  -6.88339308447884e-01  -6.49215741473609e-01  -9.41607538133348e-02   1.25910585846111e-01   1.41632167429208e-01   6.12838553181849e-02   2.12919251077701e-01   8.04374292027758e-02   1.91082156584032e-01  -6.18935854440553e-01   8.84548266277778e-01  -1.39036959858047e-01
  -2.15485781821178e-01  -3.61476222049618e-01   1.97161974992888e-01  -2.10858045752975e-01   5.50197844757323e-01   5.08703583470703e-01   7.70034597830451e-01   2.03894702455547e-01  -3.42238301783827e-01  -1.69527083512311e-01  -1.51715312444791e-01  -4.34854769025749e-01   7.67175133692953e-02  -2.41648181741500e-01   8.35137514611966e-01  -1.04600340254308e+00   1.34213503281941e-01
  -5.82231443561727e-01  -3.94637092965611e-01  -3.58344538650568e-01  -7.52957207435238e-02  -5.82263757594283e-01  -3.20918808809616e-01  -2.66286983299470e-03  -5.56203538675992e-01  -5.56587118068366e-01  -1.00217343221388e-01   4.10123326713063e-02   1.98464646191271e-02  -2.14793026174472e-01  -2.07203457879133e-01  -4.13562392545913e-02   1.41000709796361e-01  -1.20500248396628e-01
   2.25484369052039e-01   2.51455297368786e-01   2.02195445594303e-02   9.58000989133449e-02   3.17144310567159e-01   6.20864808630682e-01   4.05053798618342e-02   5.34339172833002e-01   2.34964355353493e-01  -1.81704783598735e-01   1.73069263825696e-01  -1.25331164047255e-01   3.22101588925106e-01   1.71363413756921e-01  -3.51753359766400e-01   9.78839367839977e-02  -1.57576751674508e-01
   2.30099990423407e-01   2.72484744800242e-01   3.09144465419515e-01  -7.88457059511847e-01   8.73502255622036e-02   5.64817611418149e-02   2.92044706314618e-01   3.01368842802853e-01   1.40691975691293e-01   3.28822378565431e-01  -3.20396442632763e-01   3.56003090217617e-01   1.67067143675575e-01   1.33972898342770e-01  -3.63837718424860e-01  -1.70161843056273e-01   3.66025024169597e-01
  -3.62648862623846e-02  -8.28641539626739e-03   1.86970510492897e-01   4.26359782596689e-02   4.78993832105094e-02  -4.19374650875670e-02   2.64297989680876e-01   1.19781511832363e-01  -4.24668838229979e-02   1.78604604050995e-01  -7.58467711575692e-02  -3.68191982611648e-01  -6.32405014053339e-03  -2.20920327669517e-01   3.53181317438906e-01  -4.19413062695790e-01   1.86405908353347e-01
   1.33506478636022e-01   4.29509774467261e-01  -4.11919367600434e-02   5.12474075863966e-01   7.82586821762304e-03  -6.57613544922532e-01  -7.27942907088961e-01  -1.42704411088059e-01   1.63957257049121e-01  -3.96319443186550e-02   3.64424948825296e-01   1.56230711976687e-01  -1.79456458343439e-01   4.54777886115012e-01  -5.45139220254499e-01   5.30566268933698e-01  -2.07847675934339e-01
  -2.00893234715720e-01  -5.27966470278153e-01   1.94008600377236e-01   1.82835190802477e-01   7.31615549279218e-03  -1.90769657691020e-01   3.25031948694165e-01  -2.55317730325482e-01  -4.41807382462769e-01   1.81776027340211e-01  -2.99005685795854e-01  -3.61767296020526e-02   2.16620497283887e-01  -4.95789958694943e-01   5.76520950159862e-01  -2.95997534626430e-01   1.87391711580097e-01
   6.10271784882149e-02   2.18935216999641e-01   1.25381672631035e-01  -1.17441108232688e-02   2.39934429158620e-01   8.50393564672607e-02   2.04383079614326e-01   1.13539732080598e-01   1.26198588125157e-01  -2.20908003883810e-02   6.60149986686691e-02   2.92148287325256e-02  -3.81186015529605e-01   9.04895051518235e-02  -2.43676609273382e-01   1.43555620862778e-02  -2.87049887472492e-02
  -1.64254174953789e-01  -7.81897239210032e-02   5.38270821356945e-02  -1.83033132789292e-01  -3.07619986264050e-02   5.10586702310522e-02   3.55167107107607e-02  -1.75480817584349e-01  -1.66990771026597e-01   1.06476651019705e-01   1.14481582770456e-01  -2.39628078296649e-01  -6.50350436578377e-02  -3.19405376274219e-01  -1.20711057967159e-01  -2.26014165180133e-01   1.13051020089505e-01
   3.72680835926296e-02   6.62592298494037e-02  -6.03261249972532e-01  -4.77881202837486e-01  -3.60076869644644e-01  -5.62259878841522e-01  -2.15026803503140e-01  -2.50379942030886e-01   1.83146870386962e-01  -3.56592016050962e-01   4.56344458102402e-01  -2.52222977521716e-01  -4.11250103589350e-01   5.75106814478467e-02   4.30908306402391e-03  -4.29019394180515e-02  -5.70527453510728e-01
  -1.63130886461820e-01   5.92075868224562e-02  -7.35230322064472e-02   1.25127766971880e+00  -2.52251625881876e-01  -9.67605532099373e-01  -4.38297962462502e-01  -1.47035189670390e-01  -1.07088584557945e-01   4.27677110758700e-01  -2.08976821075648e-01  -1.86705021291816e-01  -1.51920132210296e-01  -8.11866075887572e-02   4.60841218517085e-01  -2.50901354253568e-01   2.08045462317562e-01
  -1.60300197612665e-01  -9.81708098282726e-02   5.43200992983787e-02  -3.40121696622880e-01  -2.10761121249701e-01  -1.65752696307280e-02   7.81905661793669e-01  -2.43426464879062e-01  -9.97675306914761e-02  -2.15094171997611e-02  -4.85297063535633e-02   2.12492411542712e-01  -2.01730730918337e-01  -1.79173460455983e-01   3.06974162409794e-01  -7.39156343047563e-01   1.23914434018351e-01
  -1.47264538111331e-01  -5.68646545665528e-01   1.05930544010741e-01  -1.71082671693315e-01   6.34107559052225e-02  -3.78228909211268e-01   1.57343349412549e-01  -2.07031743727105e-01  -2.15619433072084e-01   2.82886750198931e-01  -3.15087186322902e-01   1.51683676366797e-01   2.19712577965748e-01  -4.39352176271103e-01   2.98971670472065e-01  -2.33890581926267e-01   1.50285398039191e-01
  -2.46033200359082e-01  -4.32662369425451e-01   7.71725768028283e-02  -1.71485919612863e-01  -2.52103491973759e-01  -2.11684963528674e-01  -1.78269072201253e-01  -2.65159081246254e-03  -4.64634267575786e-01  -5.91638028246564e-02  -1.51990843564313e-01   3.42169246198194e-01   6.40431939606062e-01  -4.26861757163173e-01   3.29325289847470e-01  -1.83568139077334e-01  -9.73253636674717e-03
   7.84907868313065e-02   4.44306826596704e-01   5.62665581496777e-02  -1.12656707245995e-01   1.10107394723370e-01   2.79141231124186e-01  -2.83239152492544e-01   1.46970204161122e-01   3.01283195571786e-01  -1.96153866582941e-01   1.02681922169197e-01   4.91396142133283e-02  -1.08274133042268e-01   4.96434516065325e-01  -3.64063660718886e-01   2.75507451160119e-01  -1.60357317878377e-01
   2.50212360243062e-01   5.88454715313124e-01  -1.06834843777252e-02  -4.99042758345247e-03   5.48922380228588e-02   3.56363172097238e-01  -2.61483804774751e-01   2.99390474175389e-01   3.39227242137498e-01  -1.45535036619006e-01   1.62037838478418e-01   4.34621295196346e-02   4.82418963111197e-02   4.64849926740008e-01  -4.84405643076023e-01   2.80679435177098e-01  -1.58979312180783e-01
   5.26859583137736e-01   1.00418367095980e-01   1.35018610394097e-01  -2.39096882811805e-01   4.68849115530323e-01   5.04699504417001e-01   3.80875151355614e-03   5.94197883174739e-01   4.21802718371236e-01  -3.31647177275646e-02  -1.60341630620673e-01  -3.78548915691954e-01   7.79991681986852e-02   3.46560542084025e-01  -1.61716284260164e-01   1.07912168496905e-01  -2.98910747120288e-02
   1.86737913682056e-01   3.80374820631026e-01  -1.18396190388865e-02   1.47318601867776e-02  -3.47966416568683e-01  -6.51834795656397e-02  -1.46038116961761e-01  -8.89711562411492e-02   4.28957785538263e-01  -1.80612061146114e-02   2.92924856518631e-02   4.74296681833615e-01   4.86487541688745e-01   4.81054602999145e-01  -2.85571086836002e-01  -1.17405601201509e-01  -7.11159657078487e-02
  -1.82603552154402e-01  -4.96210018864606e-01  -2.29960272077899e-02   3.32009280831872e-01  -6.23931925290474e-02  -1.81930403568072e-01   3.31456122562205e-02  -4.06111308627807e-01  -2.11044459102184e-01   6.41580466001812e-02  -1.91449274002427e-01   4.51195471298270e-02   1.46445588273734e-01  -4.14685110292418e-01   1.80023035020231e-01  -3.55826287069948e-02   4.79723015510317e-02
  -2.87465890409660e-01  -4.02510246399671e-01  -1.30763632372077e-02  -9.98665994623870e-02  -2.51004314843052e-01  -3.30598779185707e-01   1.38935697458892e-01  -3.26040529410488e-01  -4.81211684458354e-01   1.11050192600631e-02  -2.27048000700129e-02   5.44793635535935e-02   3.79953895899006e-01  -3.17835418065632e-01   3.69538141995114e-01   4.53257012707583e-02   7.81608549812134e-03
   1.34037941344937e-01  -6.35536655112462e-02  -1.50083586012095e-03  -5.16899072812123e-01   2.65619914665080e-01   4.85748424750828e-01   7.36611779497519e-01   7.26844491207839e-02  -9.54293245990553e-02  -3.81012046398037e-01   1.70084919279658e-01  -2.84576101166150e-01   1.46243222027217e-01  -7.61943959080146e-03   3.99989499799578e-01  -4.43943675530684e-02  -8.90449914934315e-02
   2.04922038529167e-02   4.18612783707562e-01   3.66754437235930e-02   4.18057654863776e-01  -2.22414294953467e-01   3.64701948897919e-01  -1.32950024628419e-01   4.35507590122623e-02   3.06863876519823e-01   1.90935929472838e-01  -1.03805232643245e-01   2.59484210263659e-01  -2.01190301835811e-01   4.25634591304741e-01  -7.63231109643921e-01   5.11025709294575e-01   2.51743836102675e-01
  -1.01453711819114e-01   1.44714827994721e-01  -6.41562227812892e-01  -8.59301015623196e-01  -3.87200060756846e-01  -7.11006337922580e-01  -3.61014911089191e-01  -3.49427834073789e-01  -2.01910314242847e-01  -3.80174089763536e-02   3.39609631216517e-01  -5.07801743242845e-01   1.54227924220877e-01   9.71367665445431e-02   7.94839968439819e-02   1.25721817238705e-01  -4.68105457419586e-01
  -2.34242895280476e-01  -1.56995679719754e-01   4.52479921268045e-01  -1.37226068534624e-01  -2.60050060120611e-01  -3.70519099774970e-01  -5.52554152278262e-01   3.15612273899837e-02  -1.72536372967814e-01   3.21100266807159e-01  -2.12546415546712e-01   3.65040246977943e-01   1.13356866922171e+00   1.11462605903420e-01   1.50191344434638e-01   8.56122003774293e-01   4.36704123642272e-01
