  -7.99386306599443e-03   6.70115875713134e-03  -7.32247669993775e-02   5.26102146265878e-02  -1.35526882616493e-02  -4.20704944697931e-02  -4.74809076588833e-02  -3.72843696040757e-02  -9.62825964320013e-03   2.04000291039894e-02   2.86635836997145e-02  -7.62768313834332e-03  -2.17799684830197e-02  -1.57926250990493e-03  -8.07802316024394e-03  -1.90904466290748e-02  -3.11059179468561e-02
  -1.52379030751359e-02   4.09483029026690e-03   3.94927302478809e-02  -3.33561930427952e-03   6.37478006827675e-03   3.32154851507171e-02  -4.99584682011906e-02   2.96732614858224e-02   8.86481333798816e-03   1.04021992173063e-01  -1.24970529116051e-01   5.01836247938589e-02  -3.77372451003375e-02   1.85895134226422e-05  -3.49487890613659e-02  -9.93818315977665e-03   1.06678228562693e-01
   1.17596832847206e-02  -3.47286116064826e-03   7.41246184056316e-02  -5.24839407646293e-02   1.18498561877886e-02   4.57327571851118e-02   4.10563943827827e-02   3.94190503926143e-02   1.27234941768135e-02  -1.74814481920925e-02  -2.54872947014396e-02   5.01632214436061e-03   2.18157286912914e-02   1.72692066109822e-03   3.74234557548358e-03   1.86876654958999e-02   2.83177973582374e-02
  -4.14048512144833e-02  -4.63697009239819e-02  -5.43223441469678e-02   3.11425548835019e-02   4.71893047187030e-03  -3.29024971536294e-02  -1.58317109672918e-03  -4.82088484864886e-02  -4.79635050097981e-02   2.09899286059570e-02  -2.04967058786799e-02   3.05829919474743e-02  -1.34410566721125e-02  -1.32307255863595e-03  -1.34400548507785e-02  -6.59817494594385e-03   7.72738712158574e-03
   4.99523736312274e-02  -7.34864874168783e-03  -3.26351541072766e-02   9.86586140196431e-02   2.35141793011379e-02  -2.96690904738647e-02  -6.25037384304047e-02   9.11838359661931e-03   3.21421379876647e-02   2.40309969159695e-02   5.63307663838768e-03   3.20098298033524e-02   3.27981144436836e-02   2.08965787021139e-04  -4.89238898730625e-02  -2.25276118591563e-03  -3.06576456155247e-02
  -4.45654804658251e-02  -1.51555123465543e-02   4.31925116535684e-02   8.34550278457570e-04  -1.14999860037999e-02   2.68719062597806e-02  -4.16860577286325e-02   1.21753637386729e-02  -1.95035673102205e-02   7.18645200527772e-02  -9.73888053551395e-02   6.03985600338082e-02   6.98901153669404e-03  -9.54939482609696e-04  -1.37469481559161e-02   8.51455577453138e-03   9.11759833491146e-02
   2.62530561724588e-02   1.70477757196393e-03  -4.18758527746178e-02  -2.63947546442998e-03   4.89583551823114e-03  -3.25517723383379e-02   4.78446830676109e-02  -2.24542431559430e-02   7.22303899385008e-04  -8.81850525916523e-02   1.11730715596084e-01  -5.53483741727881e-02   1.65475010095709e-02  -1.44071567948112e-04   9.86032309026351e-03  -1.55572349503496e-03  -9.97063499427766e-02
  -7.93994778217951e-03   6.76945383275289e-03  -7.32286929576021e-02   5.25286938311805e-02  -1.35648344857874e-02  -4.19630366740062e-02  -4.76946710971695e-02  -3.72644044440665e-02  -9.60201436587532e-03   2.05229429458126e-02   2.86951738215883e-02  -7.84369125091691e-03  -2.18942999329449e-02  -1.59238080466671e-03  -8.03049250784565e-03  -1.91417740785241e-02  -3.11227838774752e-02
  -1.48852803232199e-03   1.22940660138977e-02  -7.32994261796369e-02   6.01097870012858e-02  -1.47215494095637e-02  -4.26560874994236e-02  -5.30536506074050e-02  -3.38584318532113e-02  -2.37656630406808e-03   2.13752994176471e-02   2.91399798403172e-02  -9.17667418620425e-03  -2.24327466497009e-02  -1.29472667955370e-03  -2.12994008967243e-03  -2.06878440598313e-02  -3.26667172549489e-02
  -8.48555017568337e-03   6.41035323165693e-03  -7.32180426512489e-02   5.15808237684000e-02  -1.33490278896959e-02  -4.14557248822636e-02  -4.79393662259198e-02  -3.74631698725248e-02  -1.02426716122079e-02   2.07524176025045e-02   2.85728975463530e-02  -8.45174508690956e-03  -2.22886492395001e-02  -1.63476384264876e-03  -8.00496016305469e-03  -1.91133182892584e-02  -3.09144122901543e-02
   2.92807959104295e-02   4.73827861561009e-03  -4.22131086318993e-02   7.32826609788209e-03   3.44962764331686e-04  -3.29577898323705e-02   4.74650014399925e-02  -2.24250793535056e-02   4.10033950853384e-03  -9.83220826706292e-02   1.22393311453276e-01  -5.30027981420687e-02   2.91364695666940e-02   4.01683995048492e-04   2.76142293635132e-02   5.21160901212836e-03  -1.07949427345086e-01
  -4.89520214064259e-02  -3.10762399317682e-02  -7.74993546374404e-02   2.64100831700290e-02  -1.02785853960816e-02  -4.69355621070864e-02  -3.42147389643798e-03  -6.00486968301274e-02  -4.54495469465707e-02   1.88439430694483e-03   6.01311895341393e-03   2.74257783154566e-02  -1.36209420043349e-03  -1.17715870523725e-03  -1.54940100602870e-02  -1.08816961113686e-02  -6.56111959739718e-03
   7.58799431106671e-02   3.87761141988416e-02   2.81458009639084e-02   3.30760667525045e-02   2.48420559513991e-02  -8.49840195119452e-03  -3.31995327661901e-02   4.41886056294605e-02   7.45343323590156e-02   1.94012803157400e-02  -2.34833939039854e-02   2.06516868522373e-02   6.39554286305438e-04   2.34143260867248e-04  -2.32778731190531e-02   1.02438311528071e-02   6.63311589357383e-03
  -5.42221145674185e-02   4.36562068317210e-03   3.16982083411286e-02  -1.00335339510924e-01  -2.40116418135113e-02   2.90706558973965e-02   6.41593152804180e-02  -1.13990483991189e-02  -3.56410108967575e-02  -2.45770733034527e-02  -7.55640833261534e-03  -2.98397309393813e-02  -3.53153181301280e-02  -1.84771755048948e-04   4.76824996182178e-02   1.19869257760994e-03   3.23118946126900e-02
   3.98441979459472e-02  -1.41607517732913e-02  -3.49114409967155e-02   9.40344849741640e-02   2.26282685733612e-02  -3.11376226163392e-02  -5.92013401104548e-02   3.96366988862898e-03   2.39945446287739e-02   2.33915789615545e-02   3.47498962693049e-04   3.71262045760263e-02   2.71741318425434e-02   1.72303476375561e-04  -4.99921000208190e-02  -5.41805589914269e-03  -2.56236371337598e-02
  -7.51262654769591e-02  -4.81618381232747e-02  -3.60570009591836e-02  -2.10337084910150e-02  -2.43852293544255e-02  -2.01180314514559e-03   2.68364874541560e-02  -5.31201824430707e-02  -7.43387666562338e-02  -1.50430444906154e-02   1.67855030889215e-02   7.69039642611165e-03  -3.67433583096321e-04  -7.38978785154998e-04   1.82424097644722e-02  -6.04266076630072e-03  -4.15088797779341e-03
  -8.26684388741328e-03   6.42863304908939e-03  -7.32135816448840e-02   5.26606911474247e-02  -1.34945647373492e-02  -4.23046143609645e-02  -4.68534352415919e-02  -3.73915602535506e-02  -9.83522868163448e-03   2.00755904584462e-02   2.85499477742551e-02  -7.11020029799573e-03  -2.14971570041508e-02  -1.55595489347051e-03  -8.23434183172742e-03  -1.89315654397035e-02  -3.09930869877307e-02
  -3.57033822846011e-02  -8.67615345230041e-03   4.25270024633883e-02  -1.91268041736699e-03  -6.23497205349851e-03   2.90799477488171e-02  -4.48981226983081e-02   1.78002900566596e-02  -1.02161242280637e-02   8.03210647070974e-02  -1.04273371216640e-01   5.63922184589034e-02  -9.07627887717659e-03  -4.05696397107898e-04  -2.45408479667428e-02   4.89821294380956e-04   9.56400911940201e-02
   7.66598778985666e-04   2.09954184451918e-02   2.63890541260443e-02   2.74914512755302e-03   1.51752890759304e-02   2.57484185018215e-02  -4.94272585301123e-02   3.61935052686705e-02   2.44219065463618e-02   1.00536564962196e-01  -1.11893718899482e-01   4.71034965830658e-02  -4.81762607641181e-02   3.83853258875830e-04  -2.84735367183008e-02  -1.23926754930413e-02   9.92974491968237e-02
  -2.75358029873531e-02  -2.64836170613853e-03   4.20956826080704e-02   2.36901582907908e-03  -5.14356914195382e-03   3.22740986751672e-02  -4.76046102066061e-02   2.18429594262606e-02  -2.10792172715253e-03   8.71569004564076e-02  -1.10836126698968e-01   5.56538130087941e-02  -1.49874313849003e-02   3.12745388415016e-04  -1.00634962633602e-02   1.89905918640908e-03   9.92681012550452e-02
   4.63314655720987e-02   1.85767898756910e-02  -4.16705997739098e-02   1.21191560350314e-02   3.89549021396409e-03  -2.52871313521609e-02   3.22799674810537e-02  -1.17360720025679e-02   2.24875199738051e-02  -7.86272036098325e-02   1.03667652134498e-01  -5.60577364275839e-02   1.28862568744425e-02   7.24837837604771e-04   2.11825970396500e-02   5.61792927921603e-04  -9.59579828822421e-02
  -6.23416685185146e-02  -5.41224800123221e-02  -2.12596265389823e-02   7.15054216623384e-03  -1.27495925809441e-02  -4.09795011281022e-03   1.51599532210724e-02  -4.47663012458098e-02  -6.45294183750748e-02   1.54877007840305e-02  -1.57619267550095e-02   2.45046115445291e-02  -4.88408006239281e-03  -1.64036321147440e-03   2.60799192156719e-02  -5.06862014120759e-03   2.11541328629226e-02
   1.03919201476242e-02  -5.34821856042501e-03   7.32278864885255e-02  -4.89762848136294e-02   1.30507999408626e-02   4.00995800932315e-02   4.77039621706282e-02   3.79842440643197e-02   1.21156684452448e-02  -2.00392455988164e-02  -2.88072538487470e-02   9.14848544095450e-03   2.17652010333388e-02   1.59274228101675e-03   1.02419236381705e-02   1.82430442467037e-02   3.08900214580596e-02
  -3.56920056542930e-02  -8.23714823863030e-03   4.26792057435388e-02  -1.52243988916799e-03  -6.62348873218033e-03   2.96228673116930e-02  -4.64405911721036e-02   1.79156571799400e-02  -1.01284544979804e-02   8.20497009117987e-02  -1.05756528187788e-01   5.63471356548253e-02  -8.82007280194848e-03  -4.01368190517996e-04  -2.33652574216906e-02   1.18258726126814e-03   9.67869989025981e-02
  -3.66384277775956e-02  -9.05495505891808e-03   4.27446581347913e-02  -1.09918702265305e-03  -7.23340045481269e-03   2.90449543304610e-02  -4.58388102057142e-02   1.71979125394876e-02  -1.11354333981020e-02   7.96907661576440e-02  -1.03837560647911e-01   5.68972905559505e-02  -6.55934740391149e-03  -4.10330488121123e-04  -2.35020142287690e-02   1.74233718782093e-03   9.53346356925509e-02
  -2.17046848937865e-02  -3.23263710753010e-02  -5.36201191926276e-02   3.73003663958197e-02   2.16630934483443e-02  -2.77640405205483e-02  -1.39042759235948e-02  -3.34728778268744e-02  -2.98834012951014e-02   2.49045860652289e-02  -2.39533019389082e-02   2.90753797525506e-02  -1.60930832485329e-02  -1.04595718180767e-03  -2.47511022050405e-02  -1.02275815347372e-02   6.31208780889320e-03
  -2.92162167505907e-02  -2.85088809074244e-03   4.18743666480197e-02  -4.50504030360221e-03  -2.90000484791094e-03   3.17649099783889e-02  -4.66546464792936e-02   2.22859507484960e-02  -2.99703130263002e-03   9.08730138563490e-02  -1.12608883875390e-01   5.38143768165762e-02  -2.13430398148789e-02  -3.96830138530789e-04  -2.57990026168761e-02  -2.94752893417083e-03   1.01864812405903e-01
  -3.09547693648575e-02  -1.53564385387839e-02  -7.24042511786211e-02   3.91880856093467e-02  -4.43344403775205e-03  -4.26879645205713e-02  -2.58798430991049e-02  -4.70808066033498e-02  -2.97925131139687e-02   1.43468087785293e-02   1.55397185351791e-02   7.59543076284939e-03  -1.54404640766752e-02  -1.34284571707257e-03  -1.06061265024671e-02  -1.33646849062377e-02  -1.87528010433173e-02
  -3.79976662300666e-02   1.47938246793230e-02   3.67312942675427e-02  -9.01515390032675e-02  -2.16522606394134e-02   3.23609229864234e-02   5.43453101795291e-02  -3.19018811871843e-03  -2.31609274001817e-02  -1.93500983169903e-02  -6.14785562833672e-04  -3.84615848218148e-02  -2.46018107196115e-02  -5.87599874239953e-04   5.06088158173325e-02   7.40203972107705e-03   2.57703613722851e-02
  -7.96720016714848e-03   6.79219672685736e-03  -7.32319194770279e-02   5.22677997377045e-02  -1.35355246359570e-02  -4.17412635317798e-02  -4.80216399612104e-02  -3.72735299300878e-02  -9.68121080737513e-03   2.07206291872303e-02   2.87054794565769e-02  -8.23024427902640e-03  -2.21167218646453e-02  -1.61528697109746e-03  -7.93921633560605e-03  -1.92033080435838e-02  -3.10954229049164e-02
   2.91783335581197e-02   4.76268039682017e-03  -4.20668228896762e-02   5.14736000872442e-03   1.40761607083918e-03  -3.27275525431122e-02   4.77819682139111e-02  -2.20514196012157e-02   4.00052340698956e-03  -9.60539258316133e-02   1.20743811934115e-01  -5.34618515879864e-02   2.60116247479889e-02   3.29887150579040e-04   2.63975320467735e-02   4.48437794414214e-03  -1.06042123581703e-01
  -3.28879645919458e-02   1.62493194594288e-02   3.79429832492245e-02  -8.42457194324764e-02  -2.14139101587951e-02   3.04996721903802e-02   5.13739556284032e-02  -2.33753079938833e-03  -2.05243003886914e-02  -1.61859158911125e-02   1.97348560463175e-03  -4.05742187790439e-02  -2.12146942281130e-02  -4.93496431031471e-04   5.07809187500146e-02   8.22751370108111e-03   2.37675190914567e-02
  -7.01496839902425e-03   8.24749752627414e-03  -7.35656091601461e-02   5.34610375729136e-02  -1.46455905140131e-02  -4.18387481762364e-02  -4.84238136794805e-02  -3.68675492658785e-02  -8.38006677397292e-03   1.96376018266624e-02   2.98441835084701e-02  -8.02654339049359e-03  -2.08422186597248e-02  -1.39968439218624e-03  -8.73241699293168e-03  -1.88374442730964e-02  -3.20670865278660e-02
  -4.64201674174601e-02  -1.87230389117376e-02   4.17313822252602e-02  -1.11947806829277e-02  -4.30710719863566e-03   2.52519543641437e-02  -3.25804301470445e-02   1.16527573926968e-02  -2.26138290277670e-02   7.79006405334913e-02  -1.03047529595875e-01   5.64009033685550e-02  -1.11397304106820e-02  -7.22960698474668e-04  -2.05466764462018e-02   2.38107860556429e-05   9.55525464685483e-02
  -1.43059616981928e-02   7.43380084605232e-04  -7.29592750071320e-02   4.82934226017712e-02  -1.04587108991042e-02  -4.22066248240289e-02  -4.24767163973500e-02  -3.96914338259471e-02  -1.55238758087244e-02   1.81123820167224e-02   2.58688487134393e-02  -3.94345668830617e-03  -2.09206335780474e-02  -1.52646390625344e-03  -1.00068154912996e-02  -1.74503183253944e-02  -2.84052359259333e-02
   1.11245180691523e-02  -3.74721889970981e-03   7.39218117809178e-02  -5.27102902070122e-02   1.19069156444082e-02   4.52015237171923e-02   4.24911694649394e-02   3.91066916300742e-02   1.24902807388888e-02  -1.86666663099084e-02  -2.56680936158935e-02   6.14337539804248e-03   2.26841742499742e-02   1.83823775266650e-03   2.86428065812285e-03   1.90326133349823e-02   2.85568868264076e-02
  -1.12205566234216e-02   3.57639285914503e-03  -7.29473146565214e-02   4.93759695782945e-02  -1.11936190051819e-02  -4.12863690843846e-02  -4.80981848759584e-02  -3.87431831608948e-02  -1.35668638512139e-02   2.17507408418911e-02   2.61391316697950e-02  -9.70822537902212e-03  -2.41955369761827e-02  -2.26379456316859e-03  -3.37797973743393e-03  -1.90522400959470e-02  -2.88482943076258e-02
  -3.82092904326904e-02   1.52456435224306e-02   3.56626485273962e-02  -9.21185265252354e-02  -2.24196497379064e-02   3.10860132990032e-02   5.81866100605232e-02  -3.24724464567738e-03  -2.29557090197022e-02  -2.22170056861850e-02   3.39272735578295e-04  -3.80632851459037e-02  -2.59904893856687e-02  -1.22689656223566e-04   5.00761538513664e-02   6.01044152216974e-03   2.51939480955880e-02
   7.55638949961931e-02   4.12116822701905e-02   3.00865507708564e-02   2.96188284220515e-02   2.44503645684827e-02  -6.14931428452318e-03  -3.14479421923530e-02   4.62349992322963e-02   7.44237844292581e-02   1.83447415546260e-02  -2.16505944065933e-02   1.35738042238490e-02   3.54834132025296e-04   3.79155721796663e-04  -2.21550169119119e-02   8.88809427352646e-03   5.96863457848511e-03
  -5.17055953280658e-02  -4.20069336599703e-02  -6.01683838088732e-02   5.33560785194780e-02  -1.48819255262691e-02  -4.32007706772890e-02  -5.01067763559081e-03  -6.42465159701365e-02  -5.63983596900652e-02   1.75453387689540e-02  -1.89420455545926e-03   2.62589117472244e-02   6.49439167642820e-03  -2.87970971228861e-03   4.95810564056128e-02   7.57292166946246e-04  -1.25455280245245e-03
  -4.47482677760142e-02  -1.52949849507556e-02   4.31949019233104e-02   8.80386829669956e-04  -1.16037565562242e-02   2.68248603200435e-02  -4.15850434317744e-02   1.20511855545864e-02  -1.96883008499211e-02   7.15731442731860e-02  -9.71520628358763e-02   6.05240969347697e-02   7.39419841862931e-03  -1.02239776388214e-03  -1.26846156980510e-02   8.69639147444242e-03   9.09968205320551e-02
   1.37918190396201e-02  -1.28932764470297e-03   7.28929672920612e-02  -4.80796893573224e-02   1.06163779458497e-02   4.16446269779670e-02   4.37612627347886e-02   3.94091284495955e-02   1.53094522524346e-02  -1.89964735330114e-02  -2.61644035673138e-02   5.17207412990433e-03   2.16520586432389e-02   1.59910585032477e-03   9.48601245777126e-03   1.77159317905065e-02   2.87081348591794e-02
  -1.19977231630524e-02   8.88105554602030e-03   4.04838965592114e-02  -1.28431146802127e-03   5.19429399033028e-03   3.53542884729802e-02  -4.82530142567408e-02   3.31708599669669e-02   1.48244007775385e-02   1.02908674627671e-01  -1.20993427331667e-01   4.98688299181675e-02  -3.96702802011432e-02   3.60544737366637e-04  -1.85081429124116e-02  -7.09127922084142e-03   1.06545592440371e-01
  -2.77343193986850e-02  -3.28054638210528e-03   4.29920416865919e-02   1.97062733607391e-03  -2.76262267512400e-03   3.31715048245215e-02  -4.81344111058900e-02   2.29151818188997e-02  -2.90300884801293e-03   8.60941409086539e-02  -1.10878123246907e-01   5.53477622671553e-02  -1.52731679945509e-02   9.77494686546735e-04  -1.37415802679341e-02   9.43969759007092e-04   9.86811316059326e-02
  -7.99862557255591e-03   6.77013435853208e-03  -7.32307859906120e-02   5.22174966124356e-02  -1.35265450153956e-02  -4.17197205972278e-02  -4.80315614694852e-02  -3.72865205146484e-02  -9.71776664540672e-03   2.07335816566806e-02   2.86976411439394e-02  -8.26104833487633e-03  -2.21363289275043e-02  -1.61801766793375e-03  -7.93052119098971e-03  -1.92021046711494e-02  -3.10826460667311e-02
   2.27715424419959e-02  -2.11834460458347e-02  -3.70262516191731e-02   7.64190474877484e-02   2.50767749893380e-02  -2.52665052794131e-02  -5.27168056688708e-02   5.55829216567781e-04   1.37260437596769e-02   2.11856478082832e-02  -1.04684246845260e-02   4.35178674786327e-02   1.27386424721536e-02  -1.41407357823963e-04  -5.06330939675064e-02  -9.99674955069167e-03  -1.38075445285431e-02
  -5.74706362062219e-02  -3.56558981645573e-02  -7.56306105321789e-02   2.06785275871380e-02  -1.50192599863885e-02  -4.86405102253569e-02   1.92928231967417e-03  -6.60816501339390e-02  -5.28899808085454e-02   2.19494470447207e-03   5.05940717012915e-03   2.87664637116540e-02  -1.21682068130541e-03  -1.28101917043300e-03  -1.23454117716011e-02  -1.01505040179474e-02  -3.93667195942163e-03
  -5.83947549377900e-02   7.43211140183730e-04   3.12917262211751e-02  -1.01731995112542e-01  -2.50423285335087e-02   2.72646412913252e-02   6.34440263634868e-02  -1.44476885337867e-02  -3.97426898097981e-02  -2.25451068776951e-02  -9.32499072363281e-03  -2.79294425057677e-02  -3.42054933592968e-02  -6.54640121042759e-05   4.46006547740071e-02   3.22954659125955e-04   3.45362890102015e-02
  -5.67598518857590e-02  -4.66710310579183e-02  -3.15763143730005e-02  -1.11108279149558e-02  -2.29195918767710e-02  -2.18847037872852e-02   9.47916108029900e-03  -5.63244142970756e-02  -4.97710607822928e-02   2.18449000395973e-02  -2.33223543502736e-02   4.02979997281062e-02  -1.95612805231620e-02  -1.22528059152138e-03  -5.13555703108800e-03  -7.90745765097873e-03   2.69416073981232e-02
  -3.66313100734885e-02  -9.04587024336485e-03   4.27460521549551e-02  -1.08818017244557e-03  -7.23639963856965e-03   2.90527197690841e-02  -4.58548067697385e-02   1.72027025735217e-02  -1.11270886207948e-02   7.97068272208621e-02  -1.03853180855657e-01   5.68968477001672e-02  -6.55470625274752e-03  -4.10291593683646e-04  -2.34932702658995e-02   1.74876840782078e-03   9.53438103559960e-02
