   0.00000000000000e+00   1.01532612410927e+00   3.00280690954847e-01   6.50000000000000e-01   8.83977900552486e-01
   1.00000000000000e-01   9.86496160354957e-01   3.81337351086418e-01   6.50000000000000e-01   8.61878453038674e-01
   2.00000000000000e-01   1.06092289209666e+00   4.55456533786307e-01   6.66666666666667e-01   8.39779005524862e-01
   3.00000000000000e-01   9.34971867413120e-01   5.56456827243151e-01   5.50000000000000e-01   7.95580110497238e-01
   4.00000000000000e-01   9.51052653904429e-01   5.81387922026624e-01   6.16666666666667e-01   7.84530386740331e-01
   5.00000000000000e-01   8.81725956120850e-01   6.66036124352026e-01   6.33333333333333e-01   7.34806629834254e-01
   6.00000000000000e-01   8.38125932910289e-01   6.78564068209547e-01   6.50000000000000e-01   7.51381215469613e-01
   7.00000000000000e-01   8.46543481345289e-01   7.09759225429452e-01   6.66666666666667e-01   7.29281767955801e-01
   8.00000000000000e-01   8.90132354587956e-01   6.97182825685522e-01   6.50000000000000e-01   7.29281767955801e-01
   9.00000000000000e-01   9.28338068092216e-01   7.23530026685836e-01   6.33333333333333e-01   7.29281767955801e-01
   1.00000000000000e+00   9.05477564117957e-01   7.30926369487009e-01   6.33333333333333e-01   7.34806629834254e-01
   1.10000000000000e+00   8.82605176850601e-01   7.39650845632446e-01   6.50000000000000e-01   7.23756906077348e-01
   1.20000000000000e+00   9.30107302655173e-01   7.65492642965828e-01   6.16666666666667e-01   7.18232044198895e-01
   1.30000000000000e+00   9.07799578759732e-01   7.59445957145473e-01   6.33333333333333e-01   7.23756906077348e-01
   1.40000000000000e+00   9.56390290792536e-01   7.88884433652803e-01   6.00000000000000e-01   7.07182320441989e-01
   1.50000000000000e+00   9.45806015269621e-01   7.92605269297862e-01   6.33333333333333e-01   7.01657458563536e-01
   1.60000000000000e+00   9.68569735529684e-01   7.82093710117014e-01   6.33333333333333e-01   7.12707182320442e-01
   1.70000000000000e+00   9.20251116550686e-01   7.86815660623683e-01   6.16666666666667e-01   7.01657458563536e-01
   1.80000000000000e+00   9.67741021513891e-01   8.22492461770249e-01   6.00000000000000e-01   6.96132596685083e-01
   1.90000000000000e+00   9.55128520397775e-01   8.10441233338497e-01   6.00000000000000e-01   7.12707182320442e-01
   0.00000000000000e+00   0.00000000000000e+00   0.00000000000000e+00   0.00000000000000e+00   0.00000000000000e+00
   0.00000000000000e+00   0.00000000000000e+00   0.00000000000000e+00   0.00000000000000e+00   0.00000000000000e+00
