   2.47933884297521e-01
   3.30578512396694e-01
   3.63636363636364e-01
   3.22314049586777e-01
   3.47107438016529e-01
   3.63636363636364e-01
   3.71900826446281e-01
   4.04958677685950e-01
   3.80165289256198e-01
   3.71900826446281e-01
   3.30578512396694e-01
   3.80165289256198e-01
   3.88429752066116e-01
   4.13223140495868e-01
   4.13223140495868e-01
   4.46280991735537e-01
   4.46280991735537e-01
   4.38016528925620e-01
   4.29752066115702e-01
   3.71900826446281e-01
   3.80165289256198e-01
