   2.64538063732849e+00
   1.85847348720039e+00
   1.77184339767809e+00
   1.66708769684393e+00
   1.63241839164000e+00
   1.49327734654496e+00
   1.64856634374844e+00
   1.58373608061780e+00
   1.50785816933910e+00
   1.51205002411695e+00
   1.48716222884698e+00
   1.45179512367737e+00
   1.41478952141716e+00
   1.45230994072533e+00
   1.47590527139820e+00
   1.43045084571159e+00
   1.41196638151558e+00
   1.41488522123048e+00
   1.46494142191563e+00
   1.49229084877499e+00
   1.44691384422709e+00
