   3.32768076046090e+00
   2.09892894242081e+00
   2.61239222372081e+00
   1.71834147193810e+00
   2.68601059503029e+00
   2.18772593900841e+00
   3.80279081777327e+00
   2.38449030517499e+00
   1.45022406563021e+00
   1.13175761831247e-01
   3.04233201871106e+00
   2.75339634980165e+00
   2.80807676814176e-01
   1.57730222788250e+00
   3.71746890552037e+00
   1.76074894730747e+00
   1.58713967575987e+00
   3.98869289800817e+00
   7.85496347857606e-01
   1.85945894857122e+00
   3.67941832110351e+00
   3.69600854218252e+00
   4.99316189640339e+00
   3.05070337708855e+00
   3.23569931116113e+00
   4.00844060008618e+00
   1.58616614401189e+00
   8.82364359535534e-01
   2.61090337262477e+00
   1.24552129558733e+00
   2.66679536677136e-01
   3.12875899443462e+00
   3.02928346286731e+00
   1.02250475548149e+00
   2.07489847640996e+00
   3.26190340437615e+00
   1.25078913531638e+00
   7.45867026401164e-01
   1.34299469506079e+00
   2.03035968315734e+00
   3.05259783445315e+00
   3.33428840325088e+00
   1.23787864212993e+00
   4.69859378625773e+00
   9.25145630017603e-01
   3.04649313574747e+00
   2.28915050515982e+00
   2.50581798325531e+00
   2.74176773123030e+00
   2.18619135252693e+00
   3.09154452188025e+00
   8.96822699145893e-01
   1.93584261373222e+00
   3.10319159458073e+00
   1.26007166946927e+00
   2.30109485355059e+00
   1.86101334634554e+00
   2.91555366962542e+00
   1.87376357779974e+00
   1.47655036232626e+00
   1.76006531366545e+00
   1.39141664069027e+00
   1.90857103523570e+00
   1.94763651674357e+00
   1.96215698341321e+00
   1.30282605908668e+00
   1.14507943688934e+00
   2.77883558789387e+00
   2.16226873045174e+00
   2.63585652378881e+00
   2.87443233315540e+00
   2.22269418313716e+00
   1.12056652902698e+00
   2.44978238385822e+00
   1.84782971759809e+00
   2.50106002828112e+00
   2.36258054567363e+00
   1.65861222026150e+00
   2.00985118492418e+00
   1.42118076305321e+00
   1.33091957751055e+00
   1.55465235428247e+00
   2.14768042343881e+00
   1.81010191703778e+00
   1.51682929798429e+00
   1.72808000708089e+00
   1.69817997694155e+00
   1.49455955327521e+00
   1.27779714937399e+00
   3.13582571759614e+00
   1.84446343609879e+00
   1.06023606402980e+00
   1.52040254166242e+00
   3.28529164063420e+00
   3.18776075661143e+00
   3.30905991299506e+00
   2.26174977931905e+00
   1.25603933704283e+00
   1.34069411790993e+00
   1.58648340960744e+00
   1.00944049616382e+00
   1.72120504541461e+00
   1.56378919962153e+00
   2.35203983910825e+00
   1.72370646189134e+00
   2.53723760407649e+00
   2.00180649403363e+00
   2.35935265474098e+00
   2.65597904060400e+00
   1.54338151234670e+00
   2.13849434085029e+00
   1.24139394531277e+00
   2.31104758974204e+00
   1.75087426270384e+00
   1.41707179671486e+00
   3.17401850504570e+00
   1.55946089753135e+00
   3.22614782640841e+00
   1.37853549125372e+00
   2.45376329529739e+00
   1.77064890208103e+00
   1.76315745382867e+00
   1.63351609179431e+00
   1.64563070864830e+00
   1.67657756134911e+00
   1.57696010762290e+00
   2.01468760131755e+00
   2.46792736863090e+00
   1.47214532054103e+00
   1.37161656661059e+00
   1.13746930132332e+00
   2.08374606708632e+00
   1.74396703658995e+00
   1.15450166358967e+00
   1.36099060280138e+00
   1.47239421031080e+00
   1.32568870796751e+00
   1.89972669831139e+00
   1.75374752644705e+00
   7.64614439758222e-01
   1.08560532791518e+00
   2.05737407605156e+00
   2.00047803677846e+00
   2.37497958628655e+00
   1.58612917158360e+00
   2.64479817177772e+00
   3.11413778564933e+00
   1.74841936145516e+00
   1.31412290030541e+00
   2.55709551432712e+00
   1.51668497089337e+00
   7.23673013781346e-01
   2.82959093958724e+00
   1.57887318241515e+00
   1.15547804711725e+00
   9.87131935745375e-01
   1.87001563788356e+00
   2.37472200336411e+00
   1.20654397724748e+00
   1.47281066445516e+00
   1.89041675809248e+00
   2.00401270606948e+00
   2.50669883209748e+00
   1.28347424049058e+00
   2.49929017876859e+00
   9.32407269484871e-01
   2.44137865052763e+00
   1.95917421566539e+00
   2.42771806851777e+00
   2.06705006208531e+00
   1.55392084091024e+00
   2.31439764609104e+00
   1.08823806011978e+00
   1.75948477853958e+00
   3.22550644747332e+00
   1.91910200324295e+00
   1.46287916561504e+00
   1.85337165703414e+00
   2.82278967131655e+00
   1.85154505301957e+00
   1.26029852128500e+00
   1.71531414251028e+00
   1.31871887588198e+00
   1.56425608571732e+00
   1.81036417630687e+00
   1.79008265627535e+00
   1.40541004806787e+00
   1.20631111714713e+00
   2.74183683510215e+00
   2.15434779730874e+00
   2.26803630547379e+00
   2.62143468675814e+00
   2.21309397924949e+00
   1.39169869949394e+00
   2.19829279154166e+00
   1.61987738533769e+00
   2.24190961863636e+00
   1.84562016111958e+00
   1.58714919600311e+00
   1.68208366909029e+00
   1.48548747635589e+00
   1.33581938590915e+00
   1.55918194693905e+00
   2.17553097048864e+00
   1.64697148781829e+00
   1.80765901712023e+00
   1.37890657399767e+00
   1.55613276860881e+00
   1.49268072670373e+00
   1.23717726884299e+00
   2.77132763869332e+00
   1.63773787580661e+00
   1.16211490062261e+00
   1.43470086060667e+00
   3.42188126616415e+00
   3.21297893391078e+00
   3.09451583159527e+00
   2.07744241550220e+00
   1.25766093676535e+00
   1.27684225320098e+00
   1.56722362417575e+00
   1.11952838457113e+00
   1.57660821839856e+00
   1.52922915946196e+00
   2.14354967064702e+00
   1.66745390378133e+00
   2.30000931747089e+00
   1.87142027143301e+00
   2.18072107502960e+00
   2.36768042449374e+00
   1.55097466743090e+00
   2.12428743376246e+00
   1.20243308194760e+00
   2.17404450144183e+00
   1.63127092014554e+00
   1.36393128567708e+00
   3.03913798299102e+00
   1.49215458334749e+00
   3.04866845613495e+00
   1.42886168218063e+00
   2.30529247103089e+00
   1.56590385063710e+00
   1.69540292234181e+00
   1.46151624329964e+00
   1.91451777561525e+00
   1.63491188783726e+00
   1.52863315171824e+00
   1.87278883524368e+00
   2.49441047317347e+00
   1.43424204515841e+00
   1.41108941920715e+00
   1.22952552271667e+00
   2.00701780110620e+00
   1.87467015255015e+00
   1.19846409271433e+00
   1.30399067314229e+00
   1.29011329472288e+00
   1.39584317602473e+00
   1.91445299037779e+00
   1.54620356971750e+00
   8.47709768054659e-01
   1.04541196261637e+00
   1.84056515029574e+00
   2.03808024035832e+00
   2.30350729105405e+00
   1.44722653280422e+00
   2.59258275136763e+00
   3.00903676331425e+00
   1.73163906060350e+00
   1.21419428480521e+00
   2.57590879565311e+00
   1.45967827836028e+00
   7.89810377443119e-01
   2.70822605821276e+00
   1.47918196702005e+00
   1.12984701395762e+00
   9.48328628157364e-01
   1.85227661592177e+00
   2.41498280432294e+00
   1.20434633856492e+00
   1.43176820893395e+00
   1.83106659343657e+00
   1.91495739834292e+00
   2.21588553726327e+00
   1.22982298093409e+00
   2.34207798528622e+00
   8.89625172052615e-01
   2.14554714957137e+00
   1.89489025300818e+00
   2.45304119750046e+00
   1.99030369420314e+00
   1.44836298020307e+00
   2.25568911147422e+00
   1.10794496182268e+00
   1.72731684653421e+00
   3.31726753855370e+00
   1.91739314763374e+00
   1.30088303617409e+00
   1.80078660003218e+00
   2.82812179910861e+00
   1.80729269915632e+00
   1.18641397032443e+00
   1.64547782421918e+00
   1.26438943325022e+00
   1.49007429732170e+00
   1.73785540549776e+00
   1.72985596751616e+00
   1.40689930390134e+00
   1.11676128877197e+00
   2.74754350133555e+00
   2.15731535452957e+00
   2.26678380101874e+00
   2.56749823665510e+00
   2.21933673731165e+00
   1.43908105918925e+00
   2.17859109420453e+00
   1.49521237272718e+00
   2.18888833468525e+00
   1.78416109117924e+00
   1.56794036872641e+00
   1.60684911717118e+00
   1.48288201068794e+00
   1.29900959643318e+00
   1.48748351500566e+00
   2.20596575980999e+00
   1.62205809845112e+00
   1.83155012062691e+00
   1.26677047065025e+00
   1.53318789083450e+00
   1.46885859647529e+00
   1.15371596097798e+00
   2.73712462654804e+00
   1.60129196947052e+00
   1.15584626343514e+00
   1.40296818478389e+00
   3.51445937851888e+00
   3.23129484624247e+00
   3.06142529641297e+00
   2.12440076946684e+00
   1.15399163844402e+00
   1.13911291671923e+00
   1.46483630706777e+00
   1.11724425539300e+00
   1.48240438989685e+00
   1.47837392936897e+00
   2.06087212522670e+00
   1.61108771210043e+00
   2.34457255105906e+00
   1.81182041106051e+00
   2.18697021785996e+00
   2.33665165761269e+00
   1.51814447515910e+00
   2.08683784534587e+00
   1.16336990925296e+00
   2.15238002427396e+00
   1.60173527975248e+00
   1.31479089586044e+00
   3.00438781210741e+00
   1.44940540441105e+00
   2.99852915050105e+00
   1.43455630447725e+00
   2.26547421214050e+00
   1.49372076487426e+00
   1.63652108857438e+00
   1.37720157891082e+00
   1.96509906532125e+00
   1.60635185623749e+00
   1.49691185929418e+00
   1.82948624225064e+00
   2.53106869373923e+00
   1.38795460911373e+00
   1.40618353149136e+00
   1.22635005621378e+00
   2.00993978881866e+00
   1.91827458932100e+00
   1.18364391482059e+00
   1.25055894961262e+00
   1.20334739221582e+00
   1.37274813817236e+00
   1.91567953839828e+00
   1.43090573852340e+00
   8.59569636887893e-01
   1.00027623083811e+00
   1.79234654479915e+00
   2.05718722298641e+00
   2.32391270569812e+00
   1.32977386355759e+00
   2.57302270005287e+00
   2.95987807375196e+00
   1.71252393533811e+00
   1.13278912213462e+00
   2.57286376083920e+00
   1.40405877083276e+00
   8.03905925320166e-01
   2.62037413431151e+00
   1.40312390814722e+00
   1.06474536251907e+00
   9.14560722952959e-01
   1.83047217373329e+00
   2.39031835586520e+00
   1.16651413517923e+00
   1.40899709191584e+00
   1.78199869428575e+00
   1.89400681298818e+00
   2.16116493086374e+00
   1.14260753460059e+00
   2.36411450105818e+00
   8.44826755135134e-01
   2.08169663636266e+00
   1.88652134775383e+00
   2.49709291163172e+00
   1.95930990117855e+00
   1.37248780331536e+00
   2.21009977785851e+00
   1.09677640684600e+00
   1.69689558291007e+00
   3.37037904522027e+00
   1.91015524851421e+00
   1.19955410808265e+00
   1.78103964282051e+00
   2.82130762060331e+00
   1.79078252732685e+00
   1.12095886863412e+00
   1.60602115264000e+00
   1.20224075575098e+00
   1.43978857542911e+00
   1.69963443417284e+00
   1.68462854348477e+00
   1.41281554435924e+00
   1.04995287462047e+00
   2.71643638414289e+00
   2.13231990559578e+00
   2.31653926512045e+00
   2.49632608701916e+00
   2.20050714565985e+00
   1.44583985219750e+00
   2.15631096271406e+00
   1.39968542304482e+00
   2.16983102281931e+00
   1.79023274059695e+00
   1.58282669644096e+00
   1.56716527556117e+00
   1.45990016864566e+00
   1.25402841221240e+00
   1.40425318496161e+00
   2.20304131445653e+00
   1.59311217427452e+00
   1.81457490615093e+00
   1.17952034798658e+00
   1.54442613899597e+00
   1.45641950274944e+00
   1.07948113568129e+00
   2.71326308741489e+00
   1.59673418939290e+00
   1.12317775385808e+00
   1.35957204498001e+00
   3.59772196711808e+00
   3.26362074656878e+00
   3.03801329792534e+00
   2.20333930379001e+00
   1.07854116942107e+00
   1.04892946002361e+00
   1.32091893784439e+00
   1.08694031905057e+00
   1.45730006929336e+00
   1.45761917904641e+00
   1.99130654597746e+00
   1.56740831613964e+00
   2.41680359788780e+00
   1.78199613031217e+00
   2.20664602474161e+00
   2.31699553973145e+00
   1.49658169241062e+00
   2.05753962759005e+00
   1.11868667872253e+00
   2.12748967313617e+00
   1.58705129254329e+00
   1.26837337729987e+00
   2.98247531934209e+00
   1.39903156857710e+00
   2.96766791601558e+00
   1.44058240492995e+00
   2.23503501654400e+00
   1.44062774974421e+00
   1.59907428265500e+00
   1.31036299147901e+00
   1.95582810060557e+00
   1.58512152472533e+00
   1.48604991565613e+00
   1.81483677382645e+00
   2.53805703269000e+00
   1.33441304400110e+00
   1.40960743011313e+00
   1.19220382485159e+00
   1.98838413543507e+00
   1.90407938254740e+00
   1.14704728260159e+00
   1.19827130327052e+00
   1.15216416717852e+00
   1.31341112337098e+00
   1.94527116399983e+00
   1.31685453008925e+00
   8.47817659898014e-01
   9.56455978206344e-01
   1.75480733057558e+00
   2.06186263634779e+00
   2.35487730543371e+00
   1.22432869022576e+00
   2.56259190681301e+00
   2.91981649898999e+00
   1.66142577003045e+00
   1.08358731398607e+00
   2.57213446929796e+00
   1.37123079215109e+00
   8.00668954928301e-01
   2.55379295434959e+00
   1.33667750793672e+00
   1.01906670755700e+00
   8.72194672650640e-01
   1.81889608049521e+00
   2.35102989035050e+00
   1.11876480621854e+00
   1.38093414123126e+00
   1.74582777565005e+00
   1.90302623380084e+00
   2.14735431330322e+00
   1.01437413369411e+00
   2.42566791397047e+00
   7.97984256232247e-01
   2.05354822877211e+00
   1.90394003560058e+00
   2.53152013800211e+00
   1.84924359995183e+00
   1.29883048801404e+00
   2.18100680126306e+00
   1.06381452970852e+00
   1.67071114143857e+00
   3.40755556905541e+00
   1.88460913876681e+00
   1.12439704261196e+00
   1.79544458221038e+00
   2.81218309906965e+00
   1.80143392021679e+00
   1.04081607078996e+00
   1.58594698568472e+00
   1.11434537457813e+00
   1.33278259619455e+00
   1.70791902923866e+00
   1.65154037203576e+00
   1.41456031440306e+00
   1.00230491370841e+00
   2.65280261690259e+00
   2.11555998024390e+00
   2.39423328950026e+00
   2.39333621619201e+00
   2.23124640394673e+00
   1.41147335384767e+00
   2.19071825723805e+00
   1.29223417194080e+00
   2.15072588552696e+00
   1.84285738321093e+00
   1.65376711918004e+00
   1.57608589184613e+00
   1.38491633388645e+00
   1.17924874004167e+00
   1.32557190503591e+00
   2.19455538763989e+00
   1.56127186152594e+00
   1.78033368361612e+00
   1.09576517173888e+00
   1.58419342000873e+00
   1.47458807872374e+00
   1.01149951702592e+00
   2.67731770005064e+00
   1.61677714664328e+00
   1.07504121832924e+00
   1.30476044594147e+00
   3.67454567323739e+00
   3.29995541766016e+00
   3.01548237226658e+00
   2.27779149514300e+00
   1.02656995929502e+00
   9.88739541405764e-01
   1.18489715157432e+00
   1.04197974748662e+00
   1.53088941821731e+00
   1.47055253690797e+00
   1.94765661352193e+00
   1.53499307356562e+00
   2.45964639155161e+00
   1.81491184220228e+00
   2.17634137142962e+00
   2.26587802421127e+00
   1.48800838893766e+00
   2.05744945329553e+00
   1.08339005573490e+00
   2.11581502126485e+00
   1.58929800177894e+00
   1.22409475188339e+00
   2.97019307336112e+00
   1.31928853782579e+00
   2.93735888933284e+00
   1.46967894421231e+00
   2.19395383012486e+00
   1.39015749059908e+00
   1.60853989252307e+00
   1.24556869217274e+00
   1.94578469985475e+00
   1.56241199796041e+00
   1.50443482196681e+00
   1.78952124821955e+00
   2.52522607606956e+00
   1.26625359467984e+00
   1.44927043782340e+00
   1.12875785266266e+00
   1.91995831606364e+00
   1.86378799530121e+00
   1.08281469907186e+00
   1.14380843906214e+00
   1.12710644905542e+00
   1.23180298670205e+00
   1.94860297848321e+00
   1.25788510637485e+00
   8.12800571394037e-01
   9.09691179918698e-01
   1.64983506262958e+00
   2.02680875915650e+00
   2.36168084334925e+00
   1.16440206429384e+00
   2.55129470779790e+00
   2.90600572206447e+00
   1.51427324241789e+00
   1.06854910080586e+00
   2.55320300228294e+00
   1.31962561826969e+00
   7.82499331537462e-01
   2.50519459586372e+00
   1.25705255673508e+00
   9.84724787153510e-01
   8.21889318161592e-01
   1.79520942695325e+00
   2.28920910831108e+00
   1.02835342781179e+00
   1.25995395808825e+00
   1.76394578772170e+00
   1.92379607474466e+00
   2.15147148857269e+00
   8.55717742115564e-01
   2.53124456363757e+00
   7.47867160245328e-01
   2.04127967797182e+00
   1.93294199410782e+00
   2.57168976509993e+00
   1.45386916726129e+00
   1.25062600797520e+00
   2.15700879793289e+00
   1.04933649409928e+00
   1.61732497080772e+00
   3.44702226719608e+00
   1.85800429217043e+00
   1.06110244298851e+00
   1.85454249608559e+00
   2.81002763336086e+00
   1.85744677489594e+00
   9.35050345265221e-01
   1.58892484741213e+00
   9.85816964165482e-01
   1.13337610896105e+00
   1.78289095147191e+00
   1.70168977888118e+00
   1.46000286916859e+00
   9.34351276830467e-01
   2.58258024651340e+00
   2.08533497459613e+00
   2.56873429820518e+00
   2.27886619650439e+00
   2.12846124734330e+00
   1.40582070705060e+00
   2.37706584241592e+00
   1.27071220636103e+00
   2.24850205163463e+00
   1.82255224970848e+00
   1.62621796583548e+00
   1.47869011502554e+00
   1.37075281221122e+00
   1.17211039841043e+00
   1.34145694278657e+00
   2.14924609899044e+00
   1.46415248504697e+00
   1.76441605188569e+00
   1.04744725931164e+00
   1.66618431247769e+00
   1.43910384493644e+00
   9.53955545596149e-01
   2.68398365261450e+00
   1.57910876143441e+00
   1.09231779042317e+00
   1.22716224513713e+00
   3.73527498020062e+00
   3.35210573658943e+00
   2.99697619461416e+00
   2.27463775654896e+00
   9.65888383883363e-01
   9.12730634123110e-01
   1.17955025883085e+00
   1.04945759723869e+00
   1.46598109310389e+00
   1.44967040082507e+00
   1.90883511377397e+00
   1.50998782103179e+00
   2.46609807639976e+00
   1.79006698114554e+00
   2.16816398874874e+00
   2.11730023825555e+00
   1.45890069921245e+00
   2.09149592284873e+00
   1.07947864795176e+00
   2.12100120633818e+00
   1.65596476537074e+00
   1.15206400742922e+00
   3.01626042460985e+00
   1.22800325366063e+00
   2.93404093171359e+00
   1.47225485438474e+00
   2.16566013850154e+00
   1.46434166223847e+00
   1.61894107752789e+00
   1.22041333337722e+00
   1.97701572484355e+00
   1.55881121364898e+00
   1.47671464964805e+00
   1.78261398049936e+00
   2.51858197641475e+00
   1.30958579482792e+00
   1.43937077355909e+00
   1.14242404516009e+00
   1.94940967119434e+00
   1.85909999100223e+00
   1.08031783128089e+00
   1.12613748403341e+00
   1.09412080597407e+00
   1.20438391962836e+00
   1.96436304267693e+00
   1.22155356188566e+00
   8.40445677988120e-01
   9.28226618570905e-01
   1.63475068761999e+00
   2.01877632815518e+00
   2.36096332103722e+00
   1.10605707475925e+00
   2.53331759866122e+00
   2.90313091064626e+00
   1.46811817137316e+00
   1.03495962788960e+00
   2.53626189532633e+00
   1.35387719745323e+00
   8.02223185794152e-01
   2.42763962322590e+00
   1.24401187108884e+00
   9.61486336971777e-01
   8.26359391350355e-01
   1.80317411768111e+00
   2.24511743031929e+00
   1.00664312944383e+00
   1.26760833548451e+00
   1.77671872532575e+00
   1.88489724769601e+00
   2.06282475641371e+00
   8.35379857462943e-01
   2.48525849424047e+00
   7.55356582677419e-01
   2.00695374564067e+00
   1.88587103439253e+00
   2.56363191816372e+00
   1.39966192563926e+00
   1.18985935377430e+00
   2.11400623066894e+00
   9.99864589150146e-01
   1.58341051551528e+00
   3.47272519586243e+00
   1.83745225100848e+00
   1.05297391908287e+00
   1.89437834584677e+00
   2.81880718923219e+00
   1.90586982189053e+00
   9.26317727921939e-01
   1.55913469679837e+00
   9.64160235425534e-01
   1.04998874333170e+00
   1.82888739347052e+00
   1.33564403780126e+00
   1.46742812212643e+00
   9.30911365361336e-01
   2.56673467644340e+00
   2.05989718943744e+00
   2.59032701388755e+00
   2.16541145320831e+00
   2.11024606528229e+00
   1.43753004323189e+00
   2.24777836298567e+00
   1.21815313332538e+00
   2.13791257781586e+00
   1.85118820102362e+00
   1.63894759110242e+00
   1.55779115158109e+00
   1.21101865393497e+00
   1.13481180458465e+00
   1.67169915082743e+00
   2.20534336191499e+00
   1.66470664126367e+00
   1.72079838494962e+00
   9.55005860959458e-01
   1.57169846119586e+00
   1.46750855994045e+00
   9.36892465697913e-01
   2.65864738789089e+00
   1.50816319369398e+00
   1.13271207817727e+00
   1.26931689019740e+00
   3.78020219958628e+00
   3.37226255765999e+00
   2.96994934953586e+00
   2.10097628759162e+00
   9.60618495833121e-01
   9.14835790984346e-01
   1.22923503121375e+00
   1.07441953545072e+00
   1.49436486605913e+00
   1.41442620982318e+00
   1.86471283295059e+00
   1.49007280784344e+00
   2.38881371675732e+00
   1.83025600350198e+00
   2.16524972791051e+00
   2.28355882999924e+00
   1.42839605198680e+00
   2.05331391931506e+00
   1.08394059574324e+00
   2.05597532457515e+00
   1.70689908352690e+00
   1.16832364807094e+00
   2.94388513758049e+00
   1.26896186850734e+00
   2.88050404459112e+00
   1.55507667293936e+00
   2.10355680492757e+00
   1.32007134155824e+00
   1.57405868904962e+00
   1.20518114339680e+00
   1.92347669155878e+00
   1.44878360836550e+00
   1.49995279090736e+00
   1.76821589411949e+00
   2.52636390123367e+00
   1.22074454783811e+00
   1.46949701017193e+00
   1.10423958031670e+00
   1.85774857735445e+00
   1.78549511569678e+00
   1.05723336097359e+00
   1.12475457816207e+00
   1.10178526441493e+00
   1.21264301245934e+00
   1.93792080783257e+00
   1.20042331531179e+00
   8.59083729927334e-01
   9.98896285087992e-01
   1.67703717325565e+00
   1.96572022793411e+00
   2.34876535324034e+00
   1.11179472247262e+00
   2.55917553862202e+00
   2.84987432569923e+00
   1.45928765900662e+00
   1.06978004943579e+00
   2.55750167586072e+00
   1.32578510706251e+00
   8.09355890233450e-01
   2.36121947712016e+00
   1.00808112042861e+00
   9.85586737109259e-01
   8.27250161722662e-01
   1.68834680649862e+00
   2.19911365285837e+00
   1.02502066014456e+00
   1.18229995243385e+00
   1.76113297492205e+00
   1.85139612161099e+00
   1.97052757683414e+00
   8.12840951723728e-01
   2.45151832710921e+00
   7.52291086727874e-01
   1.93674093546738e+00
   1.85758162235869e+00
   2.57772414007123e+00
   1.32530383418321e+00
   1.15417357427943e+00
   2.10512716066504e+00
   1.03316681804950e+00
   1.59754049374707e+00
   3.49826221595835e+00
   1.76220448121562e+00
   1.04792282230912e+00
   1.85072232561860e+00
   2.78804804283816e+00
   1.85535345682318e+00
   9.05457996920511e-01
   1.56952337364028e+00
   9.81439296702825e-01
   1.15721452157513e+00
   1.63514869261737e+00
   1.12150064635806e+00
   1.48778754890276e+00
   9.27579383519402e-01
   2.54888381008725e+00
   2.04882215961615e+00
   2.60201686419777e+00
   2.11802103012661e+00
   2.08741876333354e+00
   1.47909664508527e+00
   1.90356836883001e+00
   1.19207772852517e+00
   1.93101254426086e+00
   1.57321819987797e+00
   1.59202225373860e+00
   1.18144386774540e+00
   1.83248997204762e+00
   1.13673852416092e+00
   1.15866274343428e+00
   2.13131222161043e+00
   1.62951357447111e+00
   2.07166510272698e+00
   1.02552215850076e+00
   1.65966082303506e+00
   1.43903134100310e+00
   9.64847893277971e-01
   2.71309852495177e+00
   1.52080135250419e+00
   1.03212224302482e+00
   1.43782178268767e+00
   3.88758472968382e+00
   3.41390814070830e+00
   3.07943156208445e+00
   2.36098637627974e+00
   9.78072811890070e-01
   9.58304395059622e-01
   1.04177030576196e+00
   1.01256057704986e+00
   1.13201510885763e+00
   1.43547751494389e+00
   1.92710610891235e+00
   1.46994325991224e+00
   2.56053081252285e+00
   1.50489900147874e+00
   2.21163021074039e+00
   2.31686988743242e+00
   1.43872606564482e+00
   1.94257579867968e+00
   9.99827264815329e-01
   2.00527850107946e+00
   1.40754040481795e+00
   1.14905757788247e+00
   2.91285384734932e+00
   1.20252890471047e+00
   2.90046629438329e+00
   1.37755091331209e+00
   2.16962674818993e+00
   1.29666506643391e+00
   1.70011130462275e+00
   1.16335895748533e+00
   1.80558024250802e+00
   1.79943893475326e+00
   1.39623463768516e+00
   1.92298209247637e+00
   2.55867406158273e+00
   1.18497151522949e+00
   1.41275344394852e+00
   1.10125105987151e+00
   1.80021987165984e+00
   1.82409865815150e+00
   1.06574129377845e+00
   1.08103176970481e+00
   1.10168481056113e+00
   1.15247036512254e+00
   1.91386644850196e+00
   1.11443623407040e+00
   8.57025999245340e-01
   8.84228369656289e-01
   1.79421590159192e+00
   1.84526056174297e+00
   2.41089862183541e+00
   1.10252652516962e+00
   2.58063805541810e+00
   2.81988111617585e+00
   1.62148356320708e+00
   1.05553043538866e+00
   2.59802496917668e+00
   1.27370552206377e+00
   8.02877728319014e-01
   2.37789985014077e+00
   9.67802914583589e-01
   9.96819147039708e-01
   8.37491377986946e-01
   1.64825726153271e+00
   2.28292622740438e+00
   1.04873997654007e+00
   1.16906659313543e+00
   1.71335799737346e+00
   1.78509786775971e+00
   2.01206965751041e+00
   8.16771443997159e-01
   2.44728889928199e+00
   7.62372364829943e-01
   1.90940395355874e+00
   1.80979651888445e+00
   2.58842265598393e+00
   1.26045855641850e+00
   1.06233376450088e+00
   2.16191392036903e+00
   9.86688851902217e-01
   1.55601843160312e+00
   3.50331980583423e+00
   1.72448907468361e+00
   9.99385613886900e-01
   1.83432607913391e+00
   2.78043241437619e+00
   1.84419777496164e+00
   8.80848070574872e-01
   1.52882930814277e+00
   9.69025163701739e-01
   1.10662917015134e+00
   1.71744760569702e+00
   1.03044069593140e+00
   1.48469200661273e+00
   8.98429160903097e-01
   2.55997477433985e+00
   2.09589475800235e+00
   2.60975976299565e+00
   2.14700672156857e+00
   2.11208803734280e+00
   1.48044752269541e+00
   1.93844929237539e+00
   1.14899187043241e+00
   1.91292335411923e+00
   1.14280262910199e+00
   1.56836298593243e+00
   1.14640498031839e+00
   2.19683731300044e+00
   1.06857632151448e+00
   1.07612241654691e+00
   2.15963199161213e+00
   1.79426052342117e+00
   2.00405418162566e+00
   9.69018380748162e-01
   1.67083356282903e+00
   1.40521346214441e+00
   9.22367064449714e-01
   2.61578834800199e+00
   1.48784716533302e+00
   1.00225582669263e+00
   1.35622059458856e+00
   3.89297603680143e+00
   3.36097621178806e+00
   2.93838724909452e+00
   2.28614403943350e+00
   9.69009319519049e-01
   9.57187195288464e-01
   1.00873946524607e+00
   9.94042059253050e-01
   1.07166256128440e+00
   1.41542123902534e+00
   2.00306083414674e+00
   1.44686854848612e+00
   2.58144173104548e+00
   1.50256046140454e+00
   2.19387737698657e+00
   2.20919112460458e+00
   1.41460342493383e+00
   2.01886308988696e+00
   9.78398486198382e-01
   1.98689591950235e+00
   1.45330301745368e+00
   1.12133252568287e+00
   2.94752605870448e+00
   1.19208230767858e+00
   2.92480696075996e+00
   1.38520615598999e+00
   2.15155147570816e+00
   1.33513341944939e+00
   1.50838859602411e+00
   1.13219495282902e+00
   1.82006364779564e+00
   1.48947902245504e+00
   1.39211406295845e+00
   1.87287417424657e+00
   2.52961416169919e+00
   1.19074347600742e+00
   1.37578905575204e+00
   1.05600811007981e+00
   1.73029837799188e+00
   1.79048475395421e+00
   1.03447875911103e+00
   1.03831879978371e+00
   1.05117799013849e+00
   1.04430133774755e+00
   1.96232094045814e+00
   1.09211965200818e+00
   8.49154982160171e-01
   8.74642350149487e-01
   1.51686636035331e+00
   2.30705160188126e+00
   2.44177936575181e+00
   1.05523374584566e+00
   2.57143610495935e+00
   2.85974173226975e+00
   1.14841859796172e+00
   1.00583039572468e+00
   2.59075527650974e+00
   1.17992991582594e+00
   8.25224792109945e-01
   2.39602247532899e+00
   8.85301869991807e-01
   9.03150251752201e-01
   8.35114849005525e-01
   1.56086752371365e+00
   2.26309056209253e+00
   9.34417407313418e-01
   9.84533169876409e-01
   1.87003209326091e+00
   1.63446257333380e+00
   1.93319853618663e+00
   8.54331641985748e-01
   2.54312246673480e+00
   7.92558925798842e-01
   1.90538445514907e+00
   1.65294156631893e+00
   2.67191526245894e+00
   1.20084617738153e+00
   9.88382551187270e-01
   2.18331585820883e+00
   1.51468273443827e+00
   1.86411623162411e+00
   3.54032867529887e+00
   1.73232543545222e+00
   9.64220642523191e-01
   1.79493120876746e+00
   2.78862040376954e+00
   1.80935362527274e+00
   9.05767617538773e-01
   1.46427720156681e+00
   9.94614985418342e-01
   1.34724126539635e+00
   1.47486064795174e+00
   1.75476680124663e+00
   1.41132503580483e+00
   8.65848626552893e-01
   2.62110743306386e+00
   2.09665202928202e+00
   2.59824523020603e+00
   2.20129706135310e+00
   2.10843721188719e+00
   1.71673039588748e+00
   1.92468244691097e+00
   1.19768659729185e+00
   2.07528854842691e+00
   2.01362294983648e+00
   1.46787161646427e+00
   1.59352824982375e+00
   1.16063533448897e+00
   1.16843906103840e+00
   1.19230099294259e+00
   2.05510994244469e+00
   1.35076311351413e+00
   1.76532961618148e+00
   1.00211276756644e+00
   1.71650613743404e+00
   1.38840129896537e+00
   9.26326421117420e-01
   2.79272802041562e+00
   1.43685546039367e+00
   1.10611589816380e+00
   1.11945358448575e+00
   3.96728582458669e+00
   3.47089538616567e+00
   2.93473332244310e+00
   2.46350117400623e+00
   9.00349248466927e-01
   8.74350137549111e-01
   1.08849569745135e+00
   1.06459988257510e+00
   1.39497770438422e+00
   1.35358182193836e+00
   1.88238416176825e+00
   1.40022124196386e+00
   2.42200495698370e+00
   1.94498760724290e+00
   2.22111702114300e+00
   2.41250166273212e+00
   1.38505761990338e+00
   1.94549806320959e+00
   1.04945256501244e+00
   1.97203229368045e+00
   1.38098045417412e+00
   1.10103261018736e+00
   2.86194751079900e+00
   1.15851660988300e+00
   2.83970320064392e+00
   1.41125683832768e+00
   2.04725291905372e+00
   1.20639477675317e+00
   1.69212933285275e+00
   1.15899289079019e+00
   1.82461457553963e+00
   1.36082597317814e+00
   1.41347767882387e+00
   1.85692559065963e+00
   2.56715549908420e+00
   1.13688063777933e+00
   1.44129232187502e+00
   1.02324851604620e+00
   1.78292088485571e+00
   1.77133444833383e+00
   1.01467528462469e+00
   1.06343232448449e+00
   1.03559286016732e+00
   1.08901423723715e+00
   1.93984046447641e+00
   1.08791166426137e+00
   8.64919963571823e-01
   9.25931594439886e-01
   1.61945768586492e+00
   1.78416552388565e+00
   2.25809596681705e+00
   1.04733701776009e+00
   2.59828948584690e+00
   2.83278150933559e+00
   1.63869287155962e+00
   1.02003005539113e+00
   2.59139825388381e+00
   1.19289861823139e+00
   8.28739941067285e-01
   2.31454397117270e+00
   1.07630647536439e+00
   9.76797062149644e-01
   8.36419487159812e-01
   1.58071125036683e+00
   2.23161292471843e+00
   1.01561943968219e+00
   1.46863662758585e+00
   1.74432968150349e+00
   1.72065020356737e+00
   1.85170047254598e+00
   8.60135832387423e-01
   2.41177062249092e+00
   7.91679450059431e-01
   1.82756076154354e+00
   1.72697632887796e+00
   2.54697495506821e+00
   1.20327805859526e+00
   1.04170727368214e+00
   2.11762628206772e+00
   1.54716906627890e+00
   1.76535129081810e+00
   3.54803339628776e+00
   1.67050956472190e+00
   1.00892838765200e+00
   1.77531104604946e+00
   2.76057874833382e+00
   1.77113198906885e+00
   9.09191199361416e-01
   1.51487408960755e+00
   1.02220513574538e+00
   1.16110321822102e+00
   1.57666820490371e+00
   1.18135802581809e+00
   1.46467459337823e+00
   9.17207342645385e-01
   2.60235294686138e+00
   2.04686220096817e+00
   2.51542997358382e+00
   2.14911945293496e+00
   2.06863828222183e+00
   1.41281774933701e+00
   1.84928088776524e+00
   1.14026589441242e+00
   1.86062889572444e+00
   1.87355024052572e+00
   1.53042195986291e+00
   1.19498140835159e+00
   1.49494575020401e+00
   1.08736607811801e+00
   1.07876485031868e+00
   1.92131457544240e+00
   1.18854213526008e+00
   1.85841311723869e+00
   9.86073029068447e-01
   1.80963642976062e+00
   1.45703010881049e+00
   9.28439916191480e-01
   2.67845622425077e+00
   1.48807803984535e+00
   1.01088757686507e+00
   1.13026348483400e+00
   4.01894319682174e+00
   3.46336576694667e+00
   2.91851876556953e+00
   2.45351025411251e+00
   9.38959977942641e-01
   9.14543098615090e-01
   9.88162213167350e-01
   9.84673025920973e-01
   1.65472319777470e+00
   1.39856877170498e+00
   1.90446291481555e+00
   1.42658806454925e+00
   2.49074419158283e+00
   2.11217350480499e+00
   2.19792129198515e+00
   2.19672081923489e+00
   1.41657285435216e+00
   2.05460916332515e+00
   1.00632549418606e+00
   1.93093439080078e+00
   1.23118494431839e+00
   1.10504322919173e+00
   3.14827830864524e+00
   1.10244958287576e+00
   2.96865067869244e+00
   1.45922528540359e+00
   1.92770281000975e+00
   1.10298838656363e+00
   1.90583816590592e+00
   1.11601733246206e+00
   1.72450836572046e+00
   1.54952365407760e+00
   1.46350628812121e+00
   1.86303601795863e+00
   2.52426784754884e+00
   1.04133820166975e+00
   1.49563751668317e+00
   9.44394999462170e-01
   1.66361826734827e+00
   1.64435302308298e+00
   9.27965592908287e-01
   1.23161667811828e+00
   1.11425257769321e+00
   9.54675358512744e-01
   1.90398198223328e+00
   1.11966277294990e+00
   7.91815219557113e-01
   9.00775797544508e-01
   1.54097393797163e+00
   1.60215566361917e+00
   1.21933780217367e+00
   1.10132114867723e+00
   2.60004808586612e+00
   2.98953953759988e+00
   1.11598017537411e+00
   9.90358485193427e-01
   2.58681290380913e+00
   1.05044851260805e+00
   7.00869563198838e-01
   2.26433251738203e+00
   8.88117931244690e-01
   8.97630418151660e-01
   7.45177487139557e-01
   1.60097578497208e+00
   2.15140953176503e+00
   9.34522786051722e-01
   2.13215893773975e+00
   1.82708818291905e+00
   1.71361292021846e+00
   1.80891882122405e+00
   9.03469751412677e-01
   2.44350090039069e+00
   7.62753040445381e-01
   1.80156224831044e+00
   1.71169138824921e+00
   2.62768800404605e+00
   1.33523853377212e+00
   1.03398815307265e+00
   2.07940448648305e+00
   1.06827494929325e+00
   1.75300827617153e+00
   3.58550569756389e+00
   1.64337077217908e+00
   1.00121379657314e+00
   1.81505102029620e+00
   2.87958768185790e+00
   1.80854528407551e+00
   8.73780333104939e-01
   1.51909499011271e+00
   9.94659052071997e-01
   1.35012731170223e+00
   1.63113036225007e+00
   1.99073057754352e+00
   1.48126677160216e+00
   9.47187217357977e-01
   2.72668875553570e+00
   2.01634883533682e+00
   2.48522765100539e+00
   2.33865504830138e+00
   2.04988727407124e+00
   1.48060829553377e+00
   2.03395121578438e+00
   1.10113536932902e+00
   1.85851264130843e+00
   1.87442862103641e+00
   1.53934491702336e+00
   1.37002496299746e+00
   1.19073729849836e+00
   1.06896877758951e+00
   1.10942746529472e+00
   1.93938158685705e+00
   1.31629428729032e+00
   1.75133931285557e+00
   1.00584406170999e+00
   1.74894438714772e+00
   1.42496960782804e+00
   9.49334528516365e-01
   2.69945134695290e+00
   1.47178528325562e+00
   1.03234365226823e+00
   1.12200209686336e+00
   4.04763382672837e+00
   3.50778438123743e+00
   2.88135237216168e+00
   2.41482190458215e+00
   9.33480028415852e-01
   9.10697980833377e-01
   1.02597462319196e+00
   9.99673183048949e-01
   1.03157558180066e+00
   1.37961809899863e+00
   1.88175933798366e+00
   1.39759153798395e+00
   2.41642704752804e+00
   1.43471903048816e+00
   2.12256233788889e+00
   2.47508324546435e+00
   1.38912500408458e+00
   1.92988957557019e+00
   9.90746272158750e-01
   1.85035617265797e+00
   1.49673231647156e+00
   1.04900583732733e+00
   2.91303192283926e+00
   1.08607936288792e+00
   2.90262092868667e+00
   1.34185797925601e+00
   1.92082605347954e+00
   1.18941916350998e+00
   1.70545410698641e+00
   1.13880936621157e+00
   1.72118884392865e+00
   1.20706681789364e+00
   1.32966065702891e+00
   1.92710272656928e+00
   2.55823429103373e+00
   1.13426632415908e+00
   1.38077445237851e+00
   1.02146661121575e+00
   1.77563280192732e+00
   1.76865395611558e+00
   1.00549991184151e+00
   1.02551707256100e+00
   1.02201929177013e+00
   1.02002365633285e+00
   1.94898239409960e+00
   1.04479503977952e+00
   8.61990435058951e-01
   8.98629097260799e-01
   1.54671438216242e+00
   1.70174081314487e+00
   2.37656472797601e+00
   1.03298984008395e+00
   2.56007377164766e+00
   2.85236007117673e+00
   1.36789772861264e+00
   9.95560306650656e-01
   2.58032261806617e+00
   1.12729716642948e+00
   8.21104308947125e-01
   2.30987943304000e+00
   8.65979197397242e-01
   9.29383823625305e-01
   8.18820736724800e-01
   1.55435931357820e+00
   2.19859811618343e+00
   9.52003294122596e-01
   9.74350976589155e-01
   1.91431829941036e+00
   1.62149799123261e+00
   1.83104238466115e+00
   7.99283302415837e-01
   2.52446077546936e+00
   7.81348231174408e-01
   1.82144177329690e+00
   1.62383515878062e+00
   2.59293958459717e+00
   1.05333208720318e+00
   9.91414025082629e-01
   2.13401318712269e+00
   1.23113334128749e+00
   1.80711558777617e+00
   3.59318684443890e+00
   1.67340041525372e+00
   9.64107228017863e-01
   1.91238143887605e+00
   2.77172761867289e+00
   1.89912985126025e+00
   8.77184084950665e-01
   1.47182856673870e+00
   9.41005211618520e-01
   2.51185595787002e+00
   1.46956445547951e+00
   9.91645877431732e-01
   1.41905583714235e+00
   9.62720071513611e-01
   2.60886376499784e+00
   2.04563054098027e+00
   2.49180695074781e+00
   2.13376634300445e+00
   2.04354718319882e+00
   1.45125492990870e+00
   1.75920267990026e+00
   1.13349427799364e+00
   1.78259751070048e+00
   1.09205704634563e+00
   1.47933845955401e+00
   1.10545349863395e+00
   2.31271732362425e+00
   1.05991557086973e+00
   1.04549314609222e+00
   1.76438212962533e+00
   2.17253269051456e+00
   1.88637993125722e+00
   1.04235162643373e+00
   1.05777187925353e+00
   1.40769797710003e+00
   1.02747714152227e+00
   2.62632087482125e+00
   1.45652434517098e+00
   9.95669312341686e-01
   2.08426875841899e+00
   4.03353774491853e+00
   3.45076659750678e+00
   3.52072375761333e+00
   2.19507072257381e+00
   1.05784688174214e+00
   1.04312662371529e+00
   1.00876316918333e+00
   1.00462244494282e+00
   1.09636258163471e+00
   1.39664808816511e+00
   2.01307184002162e+00
   1.42585638952961e+00
   2.34647995053236e+00
   1.43916688110613e+00
   2.00035006557135e+00
   2.28580117197347e+00
   1.40021037093017e+00
   2.00617671436584e+00
   9.90031025380264e-01
   1.73541808004100e+00
   1.12489790042454e+00
   1.09582668229678e+00
   2.92015713655630e+00
   1.87499530987236e+00
   2.91723162805868e+00
   1.32520289348723e+00
   1.81046391009482e+00
   1.17746262474786e+00
   1.68338811702444e+00
   1.13330726539495e+00
   1.57624547761450e+00
   1.11059497641378e+00
   1.33669560058684e+00
   1.94958549096889e+00
   2.60624424303552e+00
   1.11574310057832e+00
   1.40638373092463e+00
   9.96957286307046e-01
   1.75803442280386e+00
   1.52922169658003e+00
   9.98651648078935e-01
   1.01597941908452e+00
   1.12141827528353e+00
   1.02477607564783e+00
   1.79399450890149e+00
   1.13966306553348e+00
   8.87730540402190e-01
   8.96234728420611e-01
   1.57141952103289e+00
   1.60948392667276e+00
   2.22017107187214e+00
   1.14207379632705e+00
   2.61883456948970e+00
   2.85635808009052e+00
   1.13031981626128e+00
   1.08766914121832e+00
   2.63440998900556e+00
   1.23725734837158e+00
   8.29455426039290e-01
   2.35561110175231e+00
   2.43009576089281e+00
   9.60636500043159e-01
   8.42893426796691e-01
   2.01643667601429e+00
   2.20631090342345e+00
   9.84150409662933e-01
   9.94168161030500e-01
   1.80677169503438e+00
   1.67452604317296e+00
   1.82269657364127e+00
   8.35309597080592e-01
   2.39137597751597e+00
   8.21624881995973e-01
   1.80128933975520e+00
   1.65400828252962e+00
   2.45463459440368e+00
   2.33329697028126e+00
   9.94371732617884e-01
   2.08930653505930e+00
   9.15908198042169e-01
   1.91694444942668e+00
   3.58169639470830e+00
   1.63997503697691e+00
   1.00646815958887e+00
   1.54842492522795e+00
   2.77917396366142e+00
   1.73565197190030e+00
   9.10671320242321e-01
   1.56347470132441e+00
   1.10554407492174e+00
   1.07397586083840e+00
   1.55468133674933e+00
   2.22364351408651e+00
   1.41689784894136e+00
   9.29125382759959e-01
   2.81818341013964e+00
   2.06412573597421e+00
   2.34141972874109e+00
   3.32137128052744e+00
   2.06196886735155e+00
   1.63786828154410e+00
   1.72777008639960e+00
   1.14404588899475e+00
   1.77503333338715e+00
   2.00691886304953e+00
   1.75525096312345e+00
   1.13192802025801e+00
   2.06038177777405e+00
   1.10104330434905e+00
   1.85033210179361e+00
   2.87104355325096e+00
   1.85723904126390e+00
   1.89089775724676e+00
   1.16066353478948e+00
   1.12194906469586e+00
   1.49169712656333e+00
   1.11150968793271e+00
   2.76879904011961e+00
   1.49917574871933e+00
   1.10822658492571e+00
   1.44530002802469e+00
   4.05212527051295e+00
   3.48661349985284e+00
   2.96753419602456e+00
   2.01104617734573e+00
   1.06339938215859e+00
   1.08228078550688e+00
   1.25597497110551e+00
   1.08341688370210e+00
   1.16424884025172e+00
   1.42713404418454e+00
   2.09123174304252e+00
   1.42958360063449e+00
   2.14298126517445e+00
   1.75934044168170e+00
   1.94423886229775e+00
   2.19490064956943e+00
   1.41041119517247e+00
   2.04467176859727e+00
   1.06204653977973e+00
   1.86812601406510e+00
   1.26131942313191e+00
   1.36912278484252e+00
   2.82056718004413e+00
   1.42664701017928e+00
   2.81256162982504e+00
   1.61486823062938e+00
   2.29671157920626e+00
   1.16976219353842e+00
   1.51781814253849e+00
   1.11295851277875e+00
   1.80285997109063e+00
   1.23074228361588e+00
   1.51896909846518e+00
   1.61056702655000e+00
   2.65625775071179e+00
   1.11223649309572e+00
   1.45906122322524e+00
   1.02690931971846e+00
   1.66668930520726e+00
   1.67911140356744e+00
   1.02157326106474e+00
   1.11176440518138e+00
   1.11770680776523e+00
   1.04701312447460e+00
   1.75408917194528e+00
   1.14523687217741e+00
   9.00405728097013e-01
   9.08406330527870e-01
   1.62984750002739e+00
   1.78388935073036e+00
   2.05596962818833e+00
   1.14352834364767e+00
   2.66263250245127e+00
   2.79523736305229e+00
   1.49031258954890e+00
   1.10274015146252e+00
   2.66090810581586e+00
   1.14924995121674e+00
   8.31904705913990e-01
   2.28004613914554e+00
   9.63432643507415e-01
   1.03684273346002e+00
   8.41801931708601e-01
   1.55673076043599e+00
   2.26083980760599e+00
   1.07748557757662e+00
   1.32196999231863e+00
   1.58207235450601e+00
   1.74589361169354e+00
   1.95571617301876e+00
   8.30830609013487e-01
   2.36238145143633e+00
   7.87159055944881e-01
   1.86061543041388e+00
   1.74472071850210e+00
   2.44668357940634e+00
   1.49118575602694e+00
   1.03788182096289e+00
   2.12387943026964e+00
   9.86678359264079e-01
   1.71465164212852e+00
   3.61096231799705e+00
   1.68738266933776e+00
   1.01797335859878e+00
   1.67756936679969e+00
   2.75164949257446e+00
   1.67131303524689e+00
   8.70681400624902e-01
   1.58660431133869e+00
   1.03084438241286e+00
   1.20019943090758e+00
   1.56133551538839e+00
   1.83539975120150e+00
   1.57324749784761e+00
   9.65763117756343e-01
   2.67008683868994e+00
   2.06690398887363e+00
   2.33465067948259e+00
   2.24585052747994e+00
   2.09027036415976e+00
   1.45148511398814e+00
   2.31307590394746e+00
   1.07921733701127e+00
   2.26308433001239e+00
   1.80896014852224e+00
   1.58033645375907e+00
   1.13119899797485e+00
   1.27861140505449e+00
   1.04287078703024e+00
   1.09103231991672e+00
   1.88506256961267e+00
   1.21377659622578e+00
   1.78471967906780e+00
   9.95231616598084e-01
   1.79683361913584e+00
   1.47858197418464e+00
   9.22929763762513e-01
   2.74037182006244e+00
   1.51079540181986e+00
   1.02650614923930e+00
   1.13239948213479e+00
   4.11653176612010e+00
   3.52221289145111e+00
   2.88180356364661e+00
   2.33564338402071e+00
   8.98300874482979e-01
   8.91002280238956e-01
   1.01860598051973e+00
   9.99592138351936e-01
   1.11269944208459e+00
   1.41220961192629e+00
   1.92322385992917e+00
   1.42033775139143e+00
   2.37721641617817e+00
   1.52202641685841e+00
   2.06131292629465e+00
   2.42610113500200e+00
   1.41123378895616e+00
   1.96567530427161e+00
   9.89332181865107e-01
   1.87338584325321e+00
   1.53655170136877e+00
   1.08280538755401e+00
   2.83125290299656e+00
   1.12841972365011e+00
   2.81861666320481e+00
   1.42246830132648e+00
   2.01821345869370e+00
   1.13049350383191e+00
   1.45749934785917e+00
   1.09309488971937e+00
   1.77831193848064e+00
   1.11860013930089e+00
   1.41023389779185e+00
   1.79508683059248e+00
   2.61424923356591e+00
   1.07834763803490e+00
   1.41027113963870e+00
   9.88460745690188e-01
   1.71297768929846e+00
   1.72225262114546e+00
   9.86691884821457e-01
   1.01115413435085e+00
   9.81686878809889e-01
   9.97268378677029e-01
   1.89175292599772e+00
   1.06820418714281e+00
   8.79523454870352e-01
   8.98545613553009e-01
   1.55285306809099e+00
   1.66203093721986e+00
   2.27571940154579e+00
   1.01304218833105e+00
   2.61993508435571e+00
   2.81956642245775e+00
   1.19371875744736e+00
   9.97175058216157e-01
   2.61916900642469e+00
   1.13561508927922e+00
   8.29897298821687e-01
   2.28019222908534e+00
   8.68242879425575e-01
   9.26317208878384e-01
   8.29340700521915e-01
   1.51689238699046e+00
   2.23903584390909e+00
   9.41643536103430e-01
   1.04937942039947e+00
   1.83659747058150e+00
   1.62017973666057e+00
   1.82024541283523e+00
   8.08950253820074e-01
   2.55262552328420e+00
   7.88923672227703e-01
   1.80574402049920e+00
   1.62221791108185e+00
   2.58257978609230e+00
   1.03285612464115e+00
   9.54445555186982e-01
   2.12011857409966e+00
   9.10816773513294e-01
   1.88706634562553e+00
   3.63992491240550e+00
   1.65662535077456e+00
   9.41301087649146e-01
   1.87717266582316e+00
   2.76566633507700e+00
   1.87267424217971e+00
   8.61703025957610e-01
   1.49872300632527e+00
   9.18108703520128e-01
   9.65379993499437e-01
   1.79716929345810e+00
   1.97453416862755e+00
   1.53562120145424e+00
   8.99689834682208e-01
   2.65222546961509e+00
   2.05178882624939e+00
   2.48838194871261e+00
   2.19182655425698e+00
   2.07746546035121e+00
   1.44754046141681e+00
   2.21073893384746e+00
   1.06651188031622e+00
   2.33919810202378e+00
   1.96613126344030e+00
   1.55658668457910e+00
   1.05805638192723e+00
   1.24180353897631e+00
   1.03406524306056e+00
   1.10740854315995e+00
   1.87310238112651e+00
   1.06717666486192e+00
   1.77786169547493e+00
   9.37853366915392e-01
   2.01303457538484e+00
   1.42729731453989e+00
   8.75063789845578e-01
   2.74160984841348e+00
   1.44927940540469e+00
   1.03071425089940e+00
   9.82610753871023e-01
   4.16649838578326e+00
   3.55395757941690e+00
   2.82162969797084e+00
   2.42871912573321e+00
   8.66866631197125e-01
   8.51055782947608e-01
   1.02398724122578e+00
   1.00477170378476e+00
   1.08927289459083e+00
   1.36141738849783e+00
   1.90916548441322e+00
   1.36903960831038e+00
   2.36137438962364e+00
   1.60001266967163e+00
   2.08181307032843e+00
   2.48164917298019e+00
   1.36414620347277e+00
   1.96822915554538e+00
   9.94391563342426e-01
   1.89318101972287e+00
   1.71148106010539e+00
   9.69925275319357e-01
   2.83161299478417e+00
   1.03329217484969e+00
   2.81257301262198e+00
   1.36465753785334e+00
   1.93578398677875e+00
   1.13691502531876e+00
   1.37081345135975e+00
   1.11175719297337e+00
   1.79953242925055e+00
   1.15029787745386e+00
   1.34961650575384e+00
   1.84804197654329e+00
   2.61298314942691e+00
   1.09118307513522e+00
   1.34003120953817e+00
   1.00514232853377e+00
   1.87768717493594e+00
   1.84207351117691e+00
   1.00076369004414e+00
   1.03541830136026e+00
   9.59005570284926e-01
   1.01328938592536e+00
   1.89103638516740e+00
   1.04418722061790e+00
   9.04376106506604e-01
   9.38117844541518e-01
   1.52747388040450e+00
   1.68595706222239e+00
   2.34385983832700e+00
   9.92422365143757e-01
   2.60970861773764e+00
   2.83325465115240e+00
   1.64677495027268e+00
   9.73465518164901e-01
   2.61236777382580e+00
   1.52064022227508e+00
   8.53783303992951e-01
   2.30889472428205e+00
   9.21669907100713e-01
   9.71476293504893e-01
   8.60209426315263e-01
   1.78429893016688e+00
   2.27479198097370e+00
   9.76199358113190e-01
   9.90994426439917e-01
   1.84911947891117e+00
   1.64536968662831e+00
   1.89393803979908e+00
   8.09011128356766e-01
   2.40903712024151e+00
   7.95761333039182e-01
   1.86132752944859e+00
   1.64091674735073e+00
   2.43321065903911e+00
   1.04958080063920e+00
   1.00368376463452e+00
   2.14278927649871e+00
   2.04999854714893e+00
   1.77805340536653e+00
   3.61058369837996e+00
   1.70633208991997e+00
   9.59770419832558e-01
   1.82880031156489e+00
   2.71915548344278e+00
   1.82234555414779e+00
   9.17473043533171e-01
   1.47316725430309e+00
   9.66113162491636e-01
   1.01942307722291e+00
   1.77235923111359e+00
   2.11542954232180e+00
   1.51547617979324e+00
   9.10724042357395e-01
   2.62018333344019e+00
   2.05551345722509e+00
   2.41091262289491e+00
   2.16970769159326e+00
   2.11336850912636e+00
   1.42165684067894e+00
   1.80530281841715e+00
   1.09494397040701e+00
   1.84735508497657e+00
   2.00511259925596e+00
   1.53783145003445e+00
   1.79683552051466e+00
   1.04252157277045e+00
   1.09730853519548e+00
   1.17349264060160e+00
   1.86770964127166e+00
   1.18363303004919e+00
   1.80015364911940e+00
   9.79796026328439e-01
   1.87936261121892e+00
   1.48703181425508e+00
   9.34523943142672e-01
   2.73736999652569e+00
   1.46882481963315e+00
   1.05491771811197e+00
   1.12000193340517e+00
   4.18735171222928e+00
   3.58389272963880e+00
   2.82235262602462e+00
   2.40126200902979e+00
   9.21657342856332e-01
   9.05397093677578e-01
   1.03213161645284e+00
   1.02558048171456e+00
   1.02258871918108e+00
   1.38607688291897e+00
   1.85386794408978e+00
   1.39540021420820e+00
   2.27267316780264e+00
   1.74815537336748e+00
   2.01854360265488e+00
   2.20936473611723e+00
   1.38752752763033e+00
   1.88921336247907e+00
   1.00611259806749e+00
   1.84434117532557e+00
   1.11767206807024e+00
   1.04115317023672e+00
   3.01764955447318e+00
   1.08734221474865e+00
   2.94454725854110e+00
   1.39627670584939e+00
   2.11973223321506e+00
   1.48284310969602e+00
   1.49963377842494e+00
   1.14760911541898e+00
   1.76820178323445e+00
   1.71129923946035e+00
   1.37529831000751e+00
   1.86755181943004e+00
   2.63635437657024e+00
   1.38054535846586e+00
   1.35763237607397e+00
   1.25895935027989e+00
   1.95460292870100e+00
   1.90525797935701e+00
   1.10559729121715e+00
   1.07646226792023e+00
   9.98212303134001e-01
   1.03686638358831e+00
   1.82188166507010e+00
   1.17843814281639e+00
   9.66662958835684e-01
   9.78515264967191e-01
   1.59017344946389e+00
   1.75331259466524e+00
   2.05190320206713e+00
   1.03775126214845e+00
   2.64789456939849e+00
   2.87619823621840e+00
   1.15027385537489e+00
   1.00553600589600e+00
   2.64313189650469e+00
   1.12218640602681e+00
   9.75247503691374e-01
   2.15652739926746e+00
   9.72374968581394e-01
   9.33491053370260e-01
   8.90788846090151e-01
   1.48740609584647e+00
   2.34447833758742e+00
   9.85991077779267e-01
   2.13500560305553e+00
   1.57115429160302e+00
   1.52415765254583e+00
   1.92385821692581e+00
   8.86036270583214e-01
   2.25999328678870e+00
   8.69499684366726e-01
   1.87638532631032e+00
   1.52629058952602e+00
   2.31310623754406e+00
   1.11986622999595e+00
   1.00357094949121e+00
   2.09490021015514e+00
   9.92965327100790e-01
   1.69672124969661e+00
   3.64526930243806e+00
   1.69770392794559e+00
   9.52889362298589e-01
   1.86092346334662e+00
   2.81551496753172e+00
   1.87141900787466e+00
   9.14051338612371e-01
   1.41997446086714e+00
   9.40220464781356e-01
   2.08195347029518e+00
   1.43902829997193e+00
   1.09969488416546e+00
   1.40508565877233e+00
   9.28168374445707e-01
   2.70410920957671e+00
   2.07021108044068e+00
   2.38905100600704e+00
   2.13989131902473e+00
   2.40189429525632e+00
   1.41751823587543e+00
   2.07681098133460e+00
   1.05050243856539e+00
   1.85757478086891e+00
   1.60921435077206e+00
   1.48446864602535e+00
   1.12500523170893e+00
   1.47291961875523e+00
   1.02471769813448e+00
   1.03971915967860e+00
   1.76329467904405e+00
   1.29158087630372e+00
   1.87179359871423e+00
   9.39676456966965e-01
   1.91585509272367e+00
   1.43494775070630e+00
   9.03475539269922e-01
   2.69207121477179e+00
   1.42772555150280e+00
   1.00324081854635e+00
   1.10838990624407e+00
   4.20266325864840e+00
   3.56332008608022e+00
   2.80601625704688e+00
   2.40298992683036e+00
   9.14777389098739e-01
   8.98690371596868e-01
   9.84835225660485e-01
   9.83054058980154e-01
   1.03532176639378e+00
   1.35409667889954e+00
   1.91729769204836e+00
   1.37824948792378e+00
   2.34831242591506e+00
   1.39799565296910e+00
   2.08341969687686e+00
   2.05489188700451e+00
   1.36443745358597e+00
   1.94342907937202e+00
   9.69527154282177e-01
   1.81605032078211e+00
   1.15115322237386e+00
   1.00201805946589e+00
   2.85975520273344e+00
   1.01057706675072e+00
   2.85173079667887e+00
   1.33069157556792e+00
   1.85644387907100e+00
   1.10449323809349e+00
   1.40158951920330e+00
   1.06669994754369e+00
   1.70180406029670e+00
   1.13292356378788e+00
   1.31820905231451e+00
   1.99804516923886e+00
   2.59602884510658e+00
   1.06612247533558e+00
   1.33917940209261e+00
   9.66523126038064e-01
   1.65491170538459e+00
   1.60349100874279e+00
   9.70296196565166e-01
   9.85013433422292e-01
   9.65988056154608e-01
   9.61977425036398e-01
   1.97332072174929e+00
   9.98008798311799e-01
   8.68966153777579e-01
   8.78037190340665e-01
   1.43591703649582e+00
   1.54766495956045e+00
   2.42984152405527e+00
   9.90560062120837e-01
   2.59006665427933e+00
   2.83903432791607e+00
   1.06029354258604e+00
   9.86071986674153e-01
   2.59916343028560e+00
   1.05401526097901e+00
   8.25947244732902e-01
   2.27554850069546e+00
   8.41776651863021e-01
   9.09330201047578e-01
   8.28787586566758e-01
   1.46659116304349e+00
   2.21402205018828e+00
   9.22937742195384e-01
   1.03469139894002e+00
   1.90312728408269e+00
   1.50778099763931e+00
   1.83862733146389e+00
   8.09793808753778e-01
   2.50632805413719e+00
   7.97182772561531e-01
   1.78754595174284e+00
   1.51225976515077e+00
   2.51810827735266e+00
   1.00882301300374e+00
   9.22012176689168e-01
   2.14852698787618e+00
   8.84777960676600e-01
   1.96626642902860e+00
   3.67152156046357e+00
   1.63576193679350e+00
   9.07777294951399e-01
   1.95352456544533e+00
   2.79626766106608e+00
   1.94606659651014e+00
   8.58678895200244e-01
   1.42466140191333e+00
   8.95143679758107e-01
   9.27497171535044e-01
   1.87531136509583e+00
   9.03400246900963e-01
   1.48466250215636e+00
   8.76774411863239e-01
   2.66359185028907e+00
   2.08132872128526e+00
   2.55062440322380e+00
   2.14456434773017e+00
   2.10715440912735e+00
   1.47601372807969e+00
   1.76396234577301e+00
   9.92746260212792e-01
   1.79972401035550e+00
   2.08059049058714e+00
   1.52933981898703e+00
   1.04663506568082e+00
   1.08526903323447e+00
   9.64835275793607e-01
   1.56664944286929e+00
   3.48581211426929e+00
   2.38891574214445e+00
   2.03698947605614e+00
   9.41879301965855e-01
   9.90692241074419e-01
   1.44715532363740e+00
   9.44837152159238e-01
   3.05630096822827e+00
   1.46641078667066e+00
   9.65155610846018e-01
   2.24559653193786e+00
   4.19378469915067e+00
   3.64545195194591e+00
   3.66550569622608e+00
   2.15413282199849e+00
   8.90044977172529e-01
   9.09845506249971e-01
   1.34482318520511e+00
   9.80684573379657e-01
   9.32841556977740e-01
   1.41805254132732e+00
   2.13996178579989e+00
   1.40489685610171e+00
   2.18827665243547e+00
   1.41541162047814e+00
   1.89370124312545e+00
   2.22768974892272e+00
   1.40334861547945e+00
   2.07597651925982e+00
   9.80374963431284e-01
   2.31241111859639e+00
   1.09963565251192e+00
   2.00156738067115e+00
   2.83630536887945e+00
   2.08667653076586e+00
   2.87289285682291e+00
   1.32151125543586e+00
   3.12645810042179e+00
   1.21226674218110e+00
   1.53447156656299e+00
   1.08650094959326e+00
   2.24329483759956e+00
   1.16181657707523e+00
   1.39134996157805e+00
   1.46068810850782e+00
   2.72968229610962e+00
   1.18659837602760e+00
   1.34286292720057e+00
   1.08846054200210e+00
   1.82773951842987e+00
   1.89367071422733e+00
   1.03432958814985e+00
   1.03906647045856e+00
   9.61141958300073e-01
   1.07070269679773e+00
   1.84418520452200e+00
   1.30992539625017e+00
   9.27883014060781e-01
   9.35198696214917e-01
   1.45794369061287e+00
   2.79271790015828e+00
   2.19025236888283e+00
   1.01567239385710e+00
   2.71184590035583e+00
   2.87156532872370e+00
   1.42825417304338e+00
   9.38587936554815e-01
   2.69311606088948e+00
   1.27931450623714e+00
   1.00609993586295e+00
   2.44368176981513e+00
   9.96776004432554e-01
   9.57679989255490e-01
   8.88040882318580e-01
   1.48278969538058e+00
   2.25068094558135e+00
   1.20663343708386e+00
   2.13572157631519e+00
   1.60606799333027e+00
   1.53427392818256e+00
   1.90992739316419e+00
   9.16449371685467e-01
   1.87650695418457e+00
   8.71047902766170e-01
   1.88933367560855e+00
   1.54324193026608e+00
   2.27716737102752e+00
   1.36784413404601e+00
   1.05566070470542e+00
   2.25685474082530e+00
   9.53299153413195e-01
   1.50027100133388e+00
   3.59980632852724e+00
   1.72315644861721e+00
   9.62415323735945e-01
   1.72618953991915e+00
   2.86413153809217e+00
   1.66828271931399e+00
   9.06304446828936e-01
   1.43686467570871e+00
   1.07001977505273e+00
   2.11377365081595e+00
   1.45041141049882e+00
   1.16544528627984e+00
   1.38412948009390e+00
   9.49576513832085e-01
   2.75780175382167e+00
   2.19620506045429e+00
   2.24830938842475e+00
   2.27955331928720e+00
   2.44973419057791e+00
   1.39712714491589e+00
   1.91822260478212e+00
   1.04912746400849e+00
   1.82284725574668e+00
   1.18288084341897e+00
   1.40501352983478e+00
   1.09751647035588e+00
   1.79373538468031e+00
   1.02032202457998e+00
   1.03015708996906e+00
   1.87848754824126e+00
   1.86211924573780e+00
   2.11153898839568e+00
   9.70858935665022e-01
   1.92899472863294e+00
   1.38428837846087e+00
   9.68790597062925e-01
   2.66138967737298e+00
   1.37521079723614e+00
   1.01106515105760e+00
   1.31918854472317e+00
   4.19454993049215e+00
   3.48520126257479e+00
   2.85439673044977e+00
   2.19520120556040e+00
   9.73584574771289e-01
   9.67359719687682e-01
   9.99530732872550e-01
   1.00643525657914e+00
   1.14261646371547e+00
   1.32496630018592e+00
   2.12188467126582e+00
   1.34842462866218e+00
   2.29414858794921e+00
   1.35395878025031e+00
   2.05373806716500e+00
   2.08320696228913e+00
   1.33537375093447e+00
   2.09223772977172e+00
   9.74669888560729e-01
   1.79439939019127e+00
   1.11346221077240e+00
   1.08921040234498e+00
   2.90796346105934e+00
   1.15904031622527e+00
   2.91101114025832e+00
   1.28812001166751e+00
   2.13354033183781e+00
   1.12690909564204e+00
   1.55875175778676e+00
   1.06043658362952e+00
   1.72190807903592e+00
   1.23217034454526e+00
   1.29063123316395e+00
   1.88260527078795e+00
   2.58586625545145e+00
   1.08969685381517e+00
   1.33204544380674e+00
   1.01065222104625e+00
   1.63724692548983e+00
   1.60138404863795e+00
   9.89239117488737e-01
   9.93718557665216e-01
   9.94603746735272e-01
   1.00163703110744e+00
   1.96982869174983e+00
   1.02176414202919e+00
   8.80525469201701e-01
   8.75514352863660e-01
   1.78652144546968e+00
   1.69393759432504e+00
   2.22528732760166e+00
   1.00190245116056e+00
   2.60027227451616e+00
   2.85594635250427e+00
   1.26393771674169e+00
   1.00609305940338e+00
   2.61971197120735e+00
   1.20486373568334e+00
   8.47198532372915e-01
   2.32600144558026e+00
   8.68130891034187e-01
   9.71049474744133e-01
   8.18421851042311e-01
   1.78408488612684e+00
   2.25160151986110e+00
   1.04727308510033e+00
   1.59701913753197e+00
   1.73832534679052e+00
   1.66474517105389e+00
   1.84826383824232e+00
   7.98059841509358e-01
   2.27957159803078e+00
   7.64825414947358e-01
   1.79449619788144e+00
   1.66571043314954e+00
   2.45543029599345e+00
   1.67489738769226e+00
   1.00726626912205e+00
   2.20416872036525e+00
   8.96731214283717e-01
   1.77379548505680e+00
   3.60916197739448e+00
   1.61841503708848e+00
   9.87354984088087e-01
   1.73355908887568e+00
   2.83119551669959e+00
   1.70829385157853e+00
   8.35566777726313e-01
   1.52711120316837e+00
   1.03245699041374e+00
   1.37801854652195e+00
   1.49554356580837e+00
   1.86038045843452e+00
   1.48911848357068e+00
   9.60834926832224e-01
   2.73875867611373e+00
   2.16418552112501e+00
   2.28730440514220e+00
   2.25806841616460e+00
   2.24106422719543e+00
   1.41639474183596e+00
   1.85703788119008e+00
   1.00733155274159e+00
   1.86192850931735e+00
   1.90289202708213e+00
   1.50200166847629e+00
   1.14222373030284e+00
   1.09466653441366e+00
   9.95531526493218e-01
   1.02301283955253e+00
   1.76848910227510e+00
   1.15225790064593e+00
   1.96385338755809e+00
   9.75363375174136e-01
   2.00955223052475e+00
   1.41215439333884e+00
   9.35028703415488e-01
   2.68058955126596e+00
   1.43633002736677e+00
   9.79332489680045e-01
   1.09434433550127e+00
   4.23001672053385e+00
   3.54211336390341e+00
   2.81435330132439e+00
   2.29119696954510e+00
   9.33306850712879e-01
   9.28994762229026e-01
   9.77863463226684e-01
   9.72065359863447e-01
   1.07124471827066e+00
   1.36944239901264e+00
   2.00844909467248e+00
   1.36342567015754e+00
   2.34797898885346e+00
   1.38284259628972e+00
   2.04617475709259e+00
   2.26521698319351e+00
   1.36159560039038e+00
   2.00903038750249e+00
   9.58440340812796e-01
   1.77972543260091e+00
   1.12515592121323e+00
   1.01451559919801e+00
   2.86339666794438e+00
   1.04422899983518e+00
   2.85613536896039e+00
   1.32567506789985e+00
   1.94998161874860e+00
   1.10306312341789e+00
