   0.00000000000000e+00   2.17327444980404e+00   3.81440119231927e-01   2.85714285714286e-01   8.63636363636364e-01
   5.00000000000000e-02   1.66874650480042e+00   9.21653563646516e-01   4.28571428571429e-01   7.27272727272727e-01
   1.00000000000000e-01   2.05293266908417e+00   1.15582042979464e+00   2.85714285714286e-01   6.81818181818182e-01
   1.50000000000000e-01                    nan                    nan   0.00000000000000e+00   4.54545454545455e-02
   2.00000000000000e-01                    nan                    nan   0.00000000000000e+00   4.54545454545455e-02
   2.50000000000000e-01                    nan                    nan   0.00000000000000e+00   4.54545454545455e-02
   3.00000000000000e-01                    nan                    nan   0.00000000000000e+00   4.54545454545455e-02
   3.50000000000000e-01                    nan                    nan   0.00000000000000e+00   4.54545454545455e-02
   0.00000000000000e+00   0.00000000000000e+00   0.00000000000000e+00   0.00000000000000e+00   0.00000000000000e+00
   0.00000000000000e+00   0.00000000000000e+00   0.00000000000000e+00   0.00000000000000e+00   0.00000000000000e+00
   0.00000000000000e+00   0.00000000000000e+00   0.00000000000000e+00   0.00000000000000e+00   0.00000000000000e+00
