  -1.33015877029715e+00  -3.45376996651971e-01  -2.78012041571990e-01  -3.51335949267554e-01   5.58069470884544e-01  -8.90921085735872e-02  -1.69528840171538e-02  -7.10889916365311e-01   2.76287066003729e-01   7.93130183362923e-02
   5.51135943049597e-01  -1.39040802831812e+00   2.46147762708921e-01  -2.32898880335064e-01   2.76165242055201e-01   3.96268631830974e-01   1.36104996305548e-01   2.02778682090798e-01  -8.40614484272865e-02  -4.39946595691077e-01
  -1.02819698987542e+00   4.67541566769103e-01  -1.45489851957611e+00  -7.89660376468691e-01  -4.08872563465088e-01  -8.13406450360358e-03   6.15686296738532e-01  -3.26710785734091e-01  -4.42370594295459e-01  -1.60577812606016e+00
  -9.69620933743318e-01   7.34604695019976e-01  -1.08862826561952e+00   2.03548106618417e-02   1.28316714659945e-01  -5.71720780678754e-01  -2.27134918380590e-01  -6.03107051624386e-02  -1.26378264571887e+00  -1.23624455323398e+00
   1.92510135481742e+00  -7.68847499627343e-01   9.16189330583683e-01  -6.17256492561616e-01  -1.34390825581249e+00  -7.34542031494473e-02   2.29021770120661e-02   1.62576753060779e-01   1.96098099057114e-01   9.30836637992574e-01
   2.84518392496108e-01  -1.54066628014481e-01  -6.86762630584288e-01   2.85687817628553e-01  -7.13674804645402e-01   5.66465327122321e-01   1.42753331727504e-01  -7.34351602227830e-01  -2.69334216906404e-01  -1.99155534551966e+00
   2.93679684203002e-01   1.40448081612280e-01   6.97249013857535e-01   1.28177691439368e-01   5.20746946503719e-01  -5.79410702891719e-01  -1.19193060569995e+00  -1.37188071481598e-01   2.22586082769242e-01   2.68044561109508e+00
   2.86652636416695e-01   6.39988619202442e-01   5.33804488998033e-01   1.07845559468471e+00  -1.31247590693362e+00  -2.37719725971574e-01   2.63827887704723e-01   1.93587851061917e-01  -1.54545580529235e+00   2.95700781039654e-01
  -1.41785669485766e+00  -1.87798106142157e-01  -3.41019670630714e-01  -2.57628241131661e-01   2.16569552461132e+00   1.29098899591646e+00  -1.42469468093402e-01  -2.80296427147718e-01  -6.89777444547130e-01  -1.39487736952533e-02
   1.08811629540183e+00   6.07347987874585e-01   1.94183066806070e-01  -5.69034579791255e-01  -7.86169784411351e-01  -2.94974049410978e-02  -8.69673663996774e-02  -6.10618690317600e-02   2.38297370227637e-01  -1.78277602555106e+00
  -2.78507623772735e+00  -2.07989253240185e+00  -1.66806308477177e+00  -1.11370143072006e+00  -1.83215329185408e-01  -4.22671542913481e-01  -6.25006211064689e-01   2.48396334377591e-01   5.87726339081957e-01   2.39354950932397e-01
   6.76246997683446e-02  -2.01281326587198e+00   8.74841009215925e-02  -4.44688692366341e-01   4.63609262892517e-01   9.39444334363162e-01  -3.49001524971601e-01   4.18710631670104e-02  -6.89399463158482e-01  -8.52321432312976e-02
  -7.35565314899634e-01  -2.16299067922036e-01   1.03709498050226e+00  -7.20797514692260e-02  -2.01764205593574e-01  -1.48242469161204e+00   1.55919059375663e+00   1.82709313210074e+00  -1.48743320358245e-01  -6.69712262533075e-02
  -9.65763025028444e-01  -1.52739970049638e+00  -8.52202671541084e-01  -6.70999237089454e-01  -8.15446273467657e-01   4.68174424234568e-01   2.15083238228450e-01   1.28432070854547e+00   7.89933303033474e-02  -1.54126490523926e+00
   6.78498293193224e-01  -9.54382853712303e-01   1.83098083927383e-01  -5.80305169945773e-01   1.08299129854945e-02  -1.68462632554394e-01   6.01161451954319e-01  -1.24494220146031e+00  -6.69694942856564e-02   7.35645083624694e-01
   6.85790144446499e-01   1.66265660315754e-02  -1.98263118237054e+00   7.19049838545696e-01  -1.49049074446788e+00   5.10591514172881e-01   3.51509938386486e-01   2.67667710478728e-01  -4.58494714979593e-01  -1.03673063182520e+00
   3.58782444436032e-01  -5.72407254546215e-01   8.51436781121109e-02   2.27407417346379e-01   5.49688610174731e-01  -1.27048019401640e-01  -2.49492568701271e-01   5.55338451954720e-01   6.10062649863817e-01  -1.52085546001639e+00
  -2.69218255184226e-01  -1.42012701468747e+00  -1.70376621284817e+00  -1.48139595925891e-01  -1.37718969174493e+00   4.10094160652881e-02   3.29249452916414e-01   4.20978306173932e-01   3.76276531720926e-01   2.03711940910781e-01
  -4.78209485913518e-01  -1.61004317777548e+00  -1.13900975016711e+00  -1.37055537144950e+00  -9.75790233492775e-01  -5.73527569423564e-01   8.08342088876792e-01  -2.16354399011724e-01  -1.86220147478689e-01   2.17990969637168e-01
   5.93247533643208e-01   1.38639226152020e+00   4.89334371574427e-01   2.57702774827723e-01   1.27760249535368e-01   2.44396668305572e-01   8.11744431607385e-01  -4.33473956228979e-01  -1.53527396463662e+00   7.85193024193013e-01
   2.58054187794298e+00   1.09414523208599e+00   1.00552712320931e+00   3.32623574317354e-01   5.96471150248494e-01  -7.30853946970684e-01  -4.57732426811664e-01   3.58699240681932e-01   7.66244391022205e-01   8.44305015849510e-01
   2.00425729149325e-01  -3.11691253529263e-01   5.56537437980255e-01  -2.96527003769858e-01  -4.47465468856749e-01   7.92990494436439e-01   5.58024572003360e-02  -8.35748421288419e-01   1.39776009604688e+00   4.74554687380978e-01
   2.29545257577479e-01   1.58829001052350e-01  -3.59979809816535e-01  -1.70545174276434e+00   7.01930321445475e-01  -3.26140434229485e-01   9.28612661059257e-01  -4.51446111654732e-02   5.62585063774978e-01  -3.12854767067423e-01
   1.67887250366459e-01  -5.58197254465433e-01  -6.47781345663621e-01  -9.79655846557563e-01   6.83162590747685e-01   5.36977405775650e-01   1.93616354181431e-01  -1.19884169700057e+00  -2.58061068675124e+00  -4.29109131677180e-02
   3.77944564573091e-01   1.80008770743205e+00   1.23087852391686e+00   4.50144883569016e-01   4.19946100429669e-01  -1.93265976404054e-01  -4.28447677244975e-01  -1.10134730825053e+00   2.76520868875155e-01   7.41932941969685e-01
   1.16455134171338e+00   1.17342941349256e+00   3.27485133194941e-01  -5.40229505470920e-01   1.08536804033559e+00  -3.92237937247638e-02  -6.04808591986887e-01  -2.53885229862409e-01  -6.11605615568570e-01   1.06606300138870e+00
   3.03817260673172e+00   4.65847079118396e-01   9.78736023761507e-01   6.33807648242287e-01   4.18301041558039e-01   4.39586059601750e-01   1.79660029332986e+00  -1.11092838558279e+00  -4.63702636058722e-01  -7.75278394575990e-01
  -3.58315989895406e-01  -7.53791818718181e-01  -5.99079240452289e-01   9.47743352390182e-01   2.16753936572165e+00  -1.07456907607186e-01  -1.14812258101533e+00  -3.01350697084352e-01  -2.31479945804983e-01  -1.87404971187570e+00
   3.62691280781217e-01  -3.79957346113301e-01  -3.33704401259359e-01  -1.95227804558016e+00  -1.25439071267757e+00   6.79164763419896e-01  -6.29125654340940e-01   4.17672706480660e-01  -1.96412718178398e-01   3.76075311617850e-02
  -1.96743676872900e-01   3.48931317920697e-01  -5.30329074239936e-01   3.08209853952451e-01   4.40928847441062e-01   4.70235616406219e-01  -3.30707422981944e-01  -1.44452435051202e-01  -1.35256790819491e+00   7.48699345042732e-03
