   2.09927587918881e-01
   3.76415842235689e-02
  -1.34659645522349e-02
  -2.65803146763388e-02
   4.61991230937200e-02
   5.90420782899171e-02
   4.90457217062909e-02
  -5.11586571203385e-03
  -3.62103235955313e-02
  -3.51360428592326e-01
   9.60357321737145e-02
  -1.68342783047073e-01
  -1.62876002630658e-02
  -2.42972722562454e-03
   2.95821879260181e-01
   4.63546296828862e-02
   3.93736913560420e-02
   1.04142864385605e-01
   3.45973160387532e-02
  -2.17350933830769e-02
   1.51911089176749e-01
   4.70849675449723e-02
  -1.52869500758727e-01
  -1.93031316711838e-01
  -2.57176147155224e-02
   1.38606655437077e-02
  -3.32524974141351e-01
  -1.08354939697580e-02
  -6.27352825385215e-02
   5.60010398828229e-02
  -1.97659207916246e-02
   5.29013547267802e-02
  -2.42298223562049e-01
  -5.62197498212361e-02
  -1.34846388536804e-01
  -4.02808183620444e-02
   1.24994000021338e-01
   2.49767615680182e-02
  -1.42089760059236e-01
  -9.60530124110004e-02
  -5.64278908590130e-02
   1.61016729067833e-01
  -1.55664436670283e-01
   2.80501358449409e-01
   4.65177301940109e-02
  -2.74625725955456e-02
   3.30639228517177e-02
  -7.61269743380403e-02
  -5.25579916642497e-02
   3.29711848371359e-01
