   2.49704018790908e+00
   2.40518511091488e+00
   2.14833115706544e+00
   1.91765951099464e+00
   1.88501503810622e+00
   1.85461572485149e+00
   1.83347578411598e+00
   1.81387950359415e+00
   1.79765806178594e+00
   1.78319834423102e+00
   1.77047505260484e+00
   1.75906011124418e+00
   1.74876259970400e+00
   1.73938545836591e+00
   1.73079854864413e+00
   1.72289154920177e+00
   1.71558089260466e+00
   1.70879676901260e+00
   1.70248236824341e+00
   1.69658893161059e+00
   1.69107452781382e+00
   1.68590195799625e+00
   1.68103818849520e+00
   1.67645352866681e+00
   1.67212141264918e+00
   1.66801801844922e+00
   1.66412215634402e+00
   1.66041506874677e+00
   1.65688035993839e+00
   1.65350383800574e+00
   1.65027337360613e+00
   1.64717864844317e+00
   1.64421087904718e+00
   1.64136247747197e+00
   1.63862674062473e+00
   1.63599756666827e+00
   1.63346925548014e+00
   1.63103637296807e+00
   1.62869368954227e+00
   1.62643615791857e+00
   1.62425892392728e+00
   1.62215734414040e+00
   1.62012700800644e+00
   1.61816375216412e+00
   1.61626366991939e+00
   1.61442311177594e+00
   1.61263868134796e+00
   1.61090722561540e+00
   1.60922582296356e+00
   1.60759176871192e+00
   1.60600256029263e+00
   1.60445588185516e+00
   1.60294958948102e+00
   1.60148169676475e+00
   1.60005036134676e+00
   1.59865387216587e+00
   1.59729063769169e+00
   1.59595917494561e+00
   1.59465809940956e+00
   1.59338611568117e+00
   1.59214200890350e+00
   1.59092463687341e+00
   1.58973292283008e+00
   1.58856584886294e+00
   1.58742244993243e+00
   1.58630180846576e+00
   1.58520304951851e+00
   1.58412533647650e+00
   1.58306786728573e+00
   1.58202987118926e+00
   1.58101060595510e+00
   1.58000935557393e+00
   1.57902542840739e+00
   1.57805815576456e+00
   1.57710689088529e+00
   1.57617100830722e+00
   1.57524990359313e+00
   1.57434299339324e+00
   1.57344971581424e+00
   1.57256953106133e+00
   1.57170192231226e+00
   1.57084639677124e+00
   1.57000248683800e+00
   1.56916975131235e+00
   1.56834777654002e+00
   1.56753617739348e+00
   1.56673459797438e+00
   1.56594271192538e+00
   1.56516022225012e+00
   1.56438686056306e+00
   1.56362238572393e+00
   1.56286658185396e+00
   1.56211925577736e+00
   1.56138023397723e+00
   1.56064935919448e+00
   1.55992648682621e+00
   1.55921148129310e+00
   1.55850421254234e+00
   1.55780455283485e+00
   1.55711237393540e+00
   1.55642754478713e+00
   1.55574992971204e+00
   1.55507938714110e+00
   1.55441576884532e+00
   1.55375891961463e+00
   1.55310867731551e+00
   1.55246487325081e+00
   1.55182733274502e+00
   1.55119587588297e+00
   1.55057031833953e+00
   1.54995047224797e+00
   1.54933614706680e+00
   1.54872715041554e+00
   1.54812328885963e+00
   1.54752436863318e+00
   1.54693019629431e+00
   1.54634057931280e+00
   1.54575532659290e+00
   1.54517424893588e+00
   1.54459715944794e+00
   1.54402387389902e+00
   1.54345421103779e+00
   1.54288799286702e+00
   1.54232504488297e+00
   1.54176519628133e+00
   1.54120828013139e+00
   1.54065413351945e+00
   1.54010259766193e+00
   1.53955351798834e+00
   1.53900674419374e+00
   1.53846213026074e+00
   1.53791953445079e+00
   1.53737881926468e+00
   1.53683985137264e+00
   1.53630250151443e+00
   1.53576664437025e+00
   1.53523215840352e+00
   1.53469892567687e+00
   1.53416683164300e+00
   1.53363576491210e+00
   1.53310561699800e+00
   1.53257628204500e+00
   1.53204765653767e+00
   1.53151963899597e+00
   1.53099212965782e+00
   1.53046503015145e+00
   1.52993824315973e+00
   1.52941167207850e+00
   1.52888522067088e+00
   1.52835879271946e+00
   1.52783229167787e+00
   1.52730562032325e+00
   1.52677868041096e+00
   1.52625137233249e+00
   1.52572359477741e+00
   1.52519524440010e+00
   1.52466621549158e+00
   1.52413639965672e+00
   1.52360568549677e+00
   1.52307395829709e+00
   1.52254109971960e+00
   1.52200698749946e+00
   1.52147149514518e+00
   1.52093449164116e+00
   1.52039584115169e+00
   1.51985540272504e+00
   1.51931302999624e+00
   1.51876857088698e+00
   1.51822186730091e+00
   1.51767275481244e+00
   1.51712106234689e+00
   1.51656661185001e+00
   1.51600921794415e+00
   1.51544868756887e+00
   1.51488481960284e+00
   1.51431740446431e+00
   1.51374622368677e+00
   1.51317104946632e+00
   1.51259164417694e+00
   1.51200775984952e+00
   1.51141913761015e+00
   1.51082550707269e+00
   1.51022658568029e+00
   1.50962207798983e+00
   1.50901167489288e+00
   1.50839505276569e+00
   1.50777187254055e+00
   1.50714177868920e+00
   1.50650439810871e+00
   1.50585933889832e+00
   1.50520618901494e+00
   1.50454451479295e+00
   1.50387385931225e+00
   1.50319374059607e+00
   1.50250364961756e+00
   1.50180304809062e+00
   1.50109136601690e+00
   1.50036799895579e+00
   1.49963230497878e+00
   1.49888360126244e+00
   1.49812116026533e+00
   1.49734420542401e+00
   1.49655190628916e+00
   1.49574337300676e+00
   1.49491765002770e+00
   1.49407370890233e+00
   1.49321043998225e+00
   1.49232664280680e+00
   1.49142101489393e+00
   1.49049213857793e+00
   1.48953846543362e+00
   1.48855829768567e+00
   1.48754976580517e+00
   1.48651080121478e+00
   1.48543910261014e+00
   1.48433209377709e+00
   1.48318686979632e+00
   1.48200012691694e+00
   1.48076806866232e+00
   1.47948627598566e+00
   1.47814952074846e+00
   1.47675148598872e+00
   1.47528432653921e+00
   1.47373794598102e+00
   1.47209875390188e+00
   1.47034744928023e+00
   1.46845495664093e+00
   1.46637486639848e+00
   1.46402941065809e+00
   1.46128411416015e+00
   1.45790407789037e+00
   1.45347719361253e+00
   1.44718100295572e+00
   1.43684622682658e+00
   1.50120594207048e+00
   1.49071823026570e+00
   1.53049247233294e+00
   1.48966416038061e+00
   1.48322538508051e+00
   1.47772652163018e+00
   1.47401876341514e+00
   1.47035514913860e+00
   1.46716259299669e+00
   1.46348913481233e+00
   1.46016334231874e+00
   1.45409816638767e+00
   1.45783235994362e+00
   1.43943609727134e+00
   1.58429688904472e+00
   1.49869650948743e+00
   1.48500401929792e+00
   1.47744148791117e+00
   1.47399831524048e+00
   1.47110297442686e+00
   1.46842470980938e+00
   1.46582478574887e+00
   1.46332628873150e+00
   1.46094716875947e+00
   1.45866601781690e+00
   1.45642765260009e+00
   1.45417957898041e+00
   1.45188922846090e+00
   1.44953146311942e+00
   1.44704871260430e+00
   1.44435768664590e+00
   1.44117254398336e+00
   1.43790515340438e+00
   1.42836452247518e+00
   1.48465427861019e+00
   1.51455290576650e+00
   1.50138942746554e+00
   1.48746846928802e+00
   1.48092336667499e+00
   1.47603284457313e+00
   1.47197480300655e+00
   1.46842960748952e+00
   1.46520422078473e+00
   1.46218042733924e+00
   1.45927708313399e+00
   1.45641839665919e+00
   1.45351109134577e+00
   1.45043362233763e+00
   1.44703789724658e+00
   1.44314221819083e+00
   1.43846592372361e+00
   1.43255750212926e+00
   1.42510642952902e+00
   1.41693381123928e+00
   1.42014476587207e+00
   1.44489562596636e+00
   1.60335710800131e+00
   1.53640315715046e+00
   1.49961445591499e+00
   1.48292837208768e+00
   1.47293246252107e+00
   1.46574691979567e+00
   1.45982136941092e+00
   1.45454753649108e+00
   1.44970984496221e+00
   1.44530289428012e+00
   1.44143671222826e+00
   1.43807644106543e+00
   1.43436326671872e+00
   1.42931854243969e+00
   1.42513412694934e+00
   1.41868779227366e+00
   1.42938750435855e+00
   1.41773246443022e+00
   1.54107334543330e+00
   1.45234249938589e+00
   1.44308413624171e+00
   1.44157345747772e+00
   1.43895510945758e+00
   1.43528159693152e+00
   1.43192252632361e+00
   1.42911722062704e+00
   1.42616203395777e+00
   1.41970976602470e+00
   1.41448574137275e+00
   1.40515880091658e+00
   1.44121675990535e+00
   1.47385914870662e+00
   1.51575129507026e+00
   1.49019421339201e+00
   1.47132511085856e+00
   1.45715096440866e+00
   1.44747430067081e+00
   1.44101256301962e+00
   1.43610077909606e+00
   1.43199773876831e+00
   1.42830011453217e+00
   1.42483992881469e+00
   1.42105934951387e+00
   1.41501717790534e+00
   1.40637273649929e+00
   1.40122899991381e+00
   1.39652049695351e+00
   1.51738944088522e+00
   1.44195684291639e+00
   1.43644994716732e+00
   1.42277516085442e+00
   1.41679410487239e+00
   1.41117897007713e+00
   1.40799963133539e+00
   1.39347402383710e+00
   1.38693698429307e+00
   1.49669160475619e+00
   1.45767840231064e+00
   1.45011270536383e+00
   1.43786404350734e+00
   1.43706582781714e+00
   1.43484104346325e+00
   1.43359136555823e+00
   1.43158445133044e+00
   1.42922507769333e+00
   1.42681816273610e+00
   1.42454410418179e+00
   1.42246938252984e+00
   1.42054656263843e+00
   1.41860623365915e+00
   1.41638274848530e+00
   1.41357442712914e+00
   1.40978260112083e+00
   1.40351238936582e+00
   1.39013491623795e+00
   1.38333947457214e+00
   1.40616214399995e+00
   1.52675253787687e+00
   1.44568315720429e+00
   1.43019387401401e+00
   1.42276575349776e+00
   1.41632980112223e+00
   1.41043597830430e+00
   1.40472930241727e+00
   1.39609436352260e+00
   1.43556652266139e+00
   1.52221813627000e+00
   1.43950517457958e+00
   1.43199569850928e+00
   1.41797316425637e+00
   1.41083861814347e+00
   1.40390038586811e+00
   1.39673139049319e+00
   1.38641604404496e+00
   1.37099461201640e+00
   1.53814310399148e+00
   1.57199192561187e+00
   1.47837667943620e+00
   1.45824410465511e+00
   1.45364657059834e+00
   1.44966528020763e+00
   1.44549631894884e+00
   1.44111950916121e+00
   1.43660975631370e+00
   1.43201798055610e+00
   1.42736065217950e+00
   1.42262763743262e+00
   1.41778476407048e+00
   1.41277019231587e+00
   1.40749572044534e+00
   1.40190861068717e+00
   1.39626296936789e+00
   1.38904380715249e+00
   1.37602154894933e+00
   1.39918656814408e+00
   1.39395754032051e+00
   1.41192712551143e+00
   1.39791717694500e+00
   1.38858737718113e+00
   1.38073232712905e+00
   1.45248202540251e+00
   1.58962546244184e+00
   1.51760846055101e+00
   1.49721223238555e+00
   1.45018526969231e+00
   1.43834322057719e+00
   1.42610372989328e+00
   1.41782753160927e+00
   1.41025322415885e+00
   1.40257996522718e+00
   1.39438286742031e+00
   1.38264195050435e+00
   1.37150673180709e+00
   1.38103101512603e+00
   1.38761006498126e+00
   1.40127146304866e+00
   1.39832135439200e+00
   1.39276731663924e+00
   1.39079537572806e+00
   1.45022884477552e+00
   1.39896769855731e+00
   1.39275993972299e+00
   1.39001352619800e+00
   1.38589872833345e+00
   1.37865359901313e+00
   1.35137347028960e+00
   1.37132036545620e+00
   1.38273133364103e+00
   1.38127550681244e+00
   1.39667955524641e+00
   1.38067281957776e+00
   1.45430907906509e+00
   1.56324164261145e+00
   1.49306621030130e+00
   1.46462697562547e+00
   1.43260493757568e+00
   1.41457631738855e+00
   1.40036583200046e+00
   1.38694688748784e+00
   1.37138208119584e+00
   1.35707174555392e+00
   1.35364832763114e+00
   1.35968291420467e+00
   1.40857790130928e+00
   1.37678328706386e+00
   1.35778405127565e+00
   1.38740558109427e+00
   1.35918584829099e+00
   1.39869514997621e+00
   1.36518784134339e+00
   1.34258651730806e+00
   1.42855307046728e+00
   1.33527350945566e+00
   1.34474616411110e+00
   1.33529197159396e+00
   1.41226610244159e+00
   1.32747371148165e+00
   1.32572765176430e+00
   1.33388922632528e+00
   1.40715515626028e+00
   1.32356579531277e+00
   1.33599711380203e+00
   1.33653997314053e+00
   1.39861345310688e+00
   1.32539308933736e+00
   1.33739908749697e+00
   1.33585700887420e+00
   1.39766665807651e+00
   1.32414140903887e+00
   1.33107315338914e+00
   1.33270506026800e+00
   1.40728377105436e+00
   1.32290469340806e+00
   1.32739532408267e+00
   1.31038808476764e+00
   1.44565726373005e+00
   1.32449236898596e+00
   1.32101241786302e+00
   1.30457032002801e+00
   1.30710947343307e+00
   1.34282204938503e+00
   1.46782196501795e+00
   1.36799619635527e+00
   1.35570974919839e+00
   1.34136849089619e+00
   1.31663977216160e+00
   1.30647208421411e+00
   1.30566000969596e+00
   1.29569697904197e+00
   1.31159914193446e+00
   1.31420893869466e+00
