  -5.64157623054209e-02  -6.34953970769182e-03   5.32988187957911e-03  -1.16974101402582e-02  -3.61697641046162e-02  -3.22792768723720e-03  -1.76689562609890e-02  -2.81298509159141e-02  -3.50300712259796e-02   3.37170699499670e-03   2.67846169705935e-03   1.01867169754834e-02   7.18256151678567e-03   2.88720732630412e-03   2.15038700363109e-02   9.90331670463678e-03   1.69825148922403e-02
  -5.50972599350617e-02  -5.39420607155731e-02   7.85308712069895e-02   4.47464262222627e-02   2.45897731844013e-02   1.59798811334229e-02   3.70876976936592e-02   8.89873244189430e-03  -5.37558723359837e-02  -1.23353344954355e-02  -5.86615505098105e-02   5.92239926797810e-02   5.92027689414239e-02  -1.59608952015752e-03   5.75470437098850e-02   2.94926229340742e-02   7.03790685744634e-02
  -1.50182387161799e-03  -7.72678994376597e-03   1.49290970421648e-02   6.92441445142281e-02  -2.65643450409582e-03   2.65448218965676e-03  -2.16051907727862e-02   1.24637269235434e-03   3.95965521107784e-03   2.73681904831670e-02  -2.50042929207498e-02  -1.15672236862076e-02  -5.47576446073246e-03  -2.39580565771525e-03   3.04830321397789e-02  -1.10205344700295e-02   1.52600438732042e-02
   9.48029276183630e-03   7.65610673285551e-03  -1.30795552351067e-02  -5.30738180326624e-02   7.63249628893675e-03  -1.45059083349640e-03   2.15381609195985e-02   3.23695302400593e-03   2.02064034429106e-03  -2.32793749294114e-02   2.05186398834021e-02   7.33161445604529e-03   2.14939867534422e-03   1.16724296919525e-03  -2.93876834183907e-02   6.87619850863572e-03  -1.54299898798239e-02
  -5.84309715914065e-03   7.59264419616108e-04  -9.49937468996906e-03  -4.33533676883696e-02  -1.81623686933288e-03  -2.70098569042995e-03   9.90584400591335e-03  -4.26870712351375e-03  -7.75735771295110e-03  -1.77006466122194e-02   1.53444851983064e-02   9.39775021874834e-03   6.50977914102447e-03   1.65080495588591e-03  -1.62316627816450e-02   9.64503262711922e-03  -7.63076016425801e-03
   5.56842599709916e-03  -2.31973608048109e-02   2.79213532813941e-02  -1.09736789806340e-01   4.94462522258715e-02   1.99712054942723e-03   1.18707561380730e-01   2.28613294836277e-02  -3.64920452275019e-02  -6.51562961013207e-02  -7.45663848716512e-03   8.09269466595223e-02   3.50126457842949e-02  -4.37255350252905e-04  -1.15291663409479e-02   7.15059097665950e-03   2.95423091906979e-02
  -5.21670985765887e-02  -5.30747573537713e-02   7.47147446707344e-02   4.07237614685542e-02   2.51140294219728e-02   1.41616037875929e-02   3.98794060678209e-02   8.91529242276819e-03  -5.25451234988554e-02  -1.35271318388364e-02  -5.65298466664004e-02   5.71985791647751e-02   5.58639683954611e-02  -1.64965042293188e-03   5.77761709115816e-02   2.76221688854762e-02   6.74874221436081e-02
   6.29179202652998e-03   1.04963771004970e-02  -1.58570467987280e-02  -7.56943407261627e-02   5.37753512490731e-03  -2.25438959727246e-03   2.67891315289109e-02   8.25826373171532e-04  -1.42121076330265e-03  -2.96874121277804e-02   2.77316096348719e-02   9.27627582682358e-03   1.88720907601164e-03   2.74226763874415e-03  -3.08646663501568e-02   8.74910582402382e-03  -1.77272219122237e-02
   1.28620638516174e-02   9.28505543084170e-03  -1.35086583701386e-02  -5.65764883129184e-02   9.45762329863386e-03  -1.24645358920571e-03   2.36571741690921e-02   4.67604653354234e-03   4.08507872056208e-03  -2.44810545066173e-02   2.21036066497831e-02   5.88586114472484e-03   4.24969361447433e-04   1.22980430071099e-03  -2.97119983128074e-02   5.88050033191162e-03  -1.69869298340091e-02
   1.07804687436050e-01   8.85521347862996e-03  -8.86027818806714e-04   3.69106430533863e-02   6.39294124466900e-02   7.22940581107690e-04   2.66586839709605e-02   5.26035609530544e-02   6.31378393024697e-02  -1.63642324289710e-03  -1.28126772083687e-02  -1.49250853024633e-02   1.34499799668181e-02  -4.23657788030010e-03  -1.39955089833165e-02  -2.17463787893784e-02  -2.17908241023303e-02
  -2.49084581790143e-02  -5.27457872302018e-03   9.37341654551421e-03   2.63215562570747e-02  -1.71857979443434e-02   1.07580365019083e-04  -2.07220045946447e-02  -1.11199073399340e-02  -1.31528003835864e-02   1.49061324311545e-02  -1.09625629486199e-02  -4.40500986914511e-04   3.14202774371346e-03   9.62486031194832e-04   2.62483206756179e-02   5.94841414741241e-06   1.52826698189480e-02
   4.24269622621093e-02   4.10281122969422e-03  -6.04494344285800e-03  -2.15529593253427e-03   2.81823469757305e-02   1.25243250039890e-03   1.93283630895788e-02   2.05249052051074e-02   2.50440384657653e-02  -7.37302075245256e-03   1.59495804048063e-03  -5.55043884638917e-03  -6.05549287382695e-03  -2.60254876668841e-03  -2.24716360242328e-02  -5.92321853573486e-03  -1.53889396266324e-02
   8.38819902762132e-03   9.74288979325864e-03  -1.45281540764040e-02  -6.50925486783209e-02   6.66741488560941e-03  -1.76255529920060e-03   2.40547362674064e-02   2.30864036095866e-03   7.68688450955944e-04  -2.68845487802738e-02   2.45654676461559e-02   8.07760510706627e-03   2.05906228435352e-03   2.13250718856236e-03  -3.05378236319149e-02   8.01293517509123e-03  -1.69584850524536e-02
   5.06622409891079e-03   9.26331010080819e-03  -1.49034359974786e-02  -6.78500844250942e-02   4.68752545553670e-03  -2.16691559903927e-03   2.33919639051440e-02   6.39100903823579e-04  -1.61282352082460e-03  -2.73770830785964e-02   2.52937957560411e-02   9.79102454991040e-03   3.65077066575276e-03   2.34784505767711e-03  -3.07829329837395e-02   9.54478497226349e-03  -1.63028666502162e-02
  -1.02578896020895e-01  -6.31142211256021e-03  -1.90586676099912e-03  -2.84828416302015e-02  -6.33331235670305e-02  -1.16054005102938e-03  -3.16776496723702e-02  -5.24894440219605e-02  -5.78149716137245e-02   3.96686459000694e-03   1.41003846657294e-02   1.29939368985987e-02  -1.50920676478244e-02   3.12022701776985e-03   1.49795812964664e-02   1.87228077463814e-02   1.90013093588863e-02
  -9.89683942369841e-03  -1.67408288311683e-03   1.10386446800844e-02   2.63613142388475e-02  -7.04609655403528e-03   3.21074568539602e-03  -1.65651413154318e-02  -2.31415942081111e-03  -3.81225439509574e-03   1.42691570479137e-02  -1.16414525006451e-02  -6.19558054778145e-03   9.72805000645952e-05   8.95690094035460e-04   2.54249234171673e-02  -4.06410361987090e-03   1.17957894874027e-02
  -5.51025112861076e-02  -5.41759666057583e-02   7.85001842948575e-02   4.44538086991982e-02   2.49371551786956e-02   1.61984848910152e-02   3.76284900654174e-02   9.01836948856688e-03  -5.39434201850397e-02  -1.27151298436141e-02  -5.86690233676802e-02   5.93873268478048e-02   5.90988569013947e-02  -1.59242436292269e-03   5.75578939024910e-02   2.95051577432771e-02   7.03665695217174e-02
   1.42559313432462e-03  -2.81511365421968e-02   2.85955603571755e-02  -1.14784947814747e-01   5.01983331177820e-02   1.36685114596121e-03   1.21204632250634e-01   2.14102192149035e-02  -4.20085192328250e-02  -6.71658887297845e-02  -5.45356905087175e-03   8.11308429458138e-02   3.52818589762003e-02  -5.37503681781359e-04  -1.21024449426152e-02   7.10052778153600e-03   2.91992386473033e-02
  -1.25198136486984e-02  -9.78892215567871e-03   1.37784053185761e-02   5.87653507044252e-02  -9.02799534203486e-03   1.26603768016194e-03  -2.39704307367517e-02  -4.38954704022668e-03  -4.00512197155669e-03   2.50962996903218e-02  -2.30123774876099e-02  -5.92443181570199e-03  -3.36024425453775e-04  -1.53844056649088e-03   2.98707863943070e-02  -6.10419546402225e-03   1.72830945526695e-02
   9.11308758409620e-03   8.60587191398455e-03  -1.36275921055392e-02  -5.84967528389883e-02   7.28014524277312e-03  -1.64255175597181e-03   2.27756412377907e-02   2.92379620755336e-03   1.55862970263264e-03  -2.46003987377603e-02   2.21652010537945e-02   7.59450805743332e-03   2.02809365779432e-03   1.52711875474214e-03  -2.99103471049430e-02   7.50498011185857e-03  -1.59897971695601e-02
  -2.00496838668790e-03  -3.39857516247346e-02   2.99671599137781e-02  -1.21401930027808e-01   5.22581149628932e-02   1.80827971744636e-03   1.26135209178549e-01   2.06326176189365e-02  -4.82539873217013e-02  -6.96198902658400e-02  -3.54729218361754e-03   8.24311724690486e-02   3.51402445634836e-02  -6.22019745479849e-04  -1.22824250869857e-02   6.65414447193025e-03   2.92723182860138e-02
  -5.40975818280877e-02  -5.43978886687112e-02   7.74345498831097e-02   4.25561971617656e-02   2.58354465707846e-02   1.59536788720608e-02   3.95021021408438e-02   9.21144954014880e-03  -5.38549869348134e-02  -1.36910353119639e-02  -5.80684852267648e-02   5.89324897159508e-02   5.77256457549017e-02  -1.58629773363012e-03   5.79220747774847e-02   2.88383590215260e-02   6.95046598687507e-02
   2.06691330131597e-03   3.41028502712949e-02  -3.00506727751760e-02   1.21318250904278e-01  -5.23057207227970e-02  -1.77178752627467e-03  -1.25928566474568e-01  -2.06128448261313e-02   4.82811020306232e-02   6.95527527836488e-02   3.60120248138336e-03  -8.23203862351292e-02  -3.52119446853694e-02   6.24002769795854e-04   1.22191674439167e-02  -6.62502003569187e-03  -2.92856597280655e-02
   4.10390489180657e-02  -5.23931754059222e-03   1.42801408760693e-02  -8.36161580882205e-02   5.13334513218172e-02   1.18633682386049e-03   9.78797132359175e-02   3.18901925555228e-02  -6.82620300898150e-03  -5.06331344969344e-02  -1.75038519790309e-03   3.66549093888148e-02   1.99109127105834e-02  -2.55401209373667e-04  -5.60109161616206e-03  -3.88545350022467e-03   8.47051154528834e-03
   4.20459974676486e-03   2.69730514259207e-03  -1.20989593218630e-03  -6.59789355530981e-03   3.18835223286622e-03   9.80187626658929e-04   3.15043102517733e-03   2.60748341021279e-03   3.19543459666765e-03  -2.14839230123036e-03   2.94166865152955e-03   8.35093091541978e-05  -1.47425092993163e-03  -1.16363130278821e-04  -8.26887921124309e-03   7.05821934893796e-05  -3.03237402026037e-03
   1.51211138947494e-03   8.35911776657033e-03  -1.52684239197982e-02  -7.03020567991685e-02   2.75698688418420e-03  -2.48958351998925e-03   2.23676560739382e-02  -1.12189091489905e-03  -4.18907335061594e-03  -2.79907574821136e-02   2.56577944369571e-02   1.15768723820471e-02   5.26139027472829e-03   2.60301311454096e-03  -3.10707496790623e-02   1.10354373719422e-02  -1.56723572273169e-02
   1.04873612806325e-01   7.30703282245030e-03  -7.11613550566670e-04   1.26061323414139e-02   6.64949645572183e-02  -4.99824002220321e-04   4.19050363798620e-02   5.21954920389256e-02   5.54544730810455e-02  -1.16493743588355e-02  -9.04255333352242e-03  -1.30591721541129e-02   9.33169108222294e-03  -2.21432987341351e-03  -1.07783561935534e-02  -2.10924567066199e-02  -2.07468877155050e-02
   6.23808298720975e-03   7.66209013533304e-03  -1.37489606692054e-02  -5.81824905084943e-02   5.69745278602028e-03  -1.90813411999241e-03   2.15588699602495e-02   1.55802291132935e-03  -3.81216886719069e-04  -2.45979552812575e-02   2.19525903909496e-02   8.91805839196844e-03   3.33534758411799e-03   1.57827060340505e-03  -2.98743345152877e-02   8.48163609288675e-03  -1.52187616974700e-02
   5.24292971790499e-02   5.50194811237192e-02  -7.54424820965217e-02  -3.88129335665625e-02  -2.76523059888296e-02  -1.56859940493776e-02  -4.34476726842539e-02  -9.62130044602584e-03   5.39793085655652e-02   1.58761766671425e-02   5.69046193908174e-02  -5.82318373979158e-02  -5.54156100480021e-02   1.58503124817479e-03  -5.85989617338860e-02  -2.77644242576432e-02  -6.78734584336466e-02
  -2.28502213860675e-02  -1.52136106650700e-02   1.79472632448563e-02   6.65508620558257e-02  -1.35807943153688e-02   3.78563538354236e-04  -2.89311417182522e-02  -6.98973925835568e-03  -1.13217014857061e-02   2.81994463523218e-02  -2.99875286397796e-02   9.84498110965260e-04   1.00300667063735e-02  -1.35657842036671e-03   3.01057553259892e-02  -1.33041906394975e-03   2.40460773309137e-02
   8.90146793350168e-03   8.87978569589293e-03  -1.40598040244162e-02  -6.15328866482236e-02   7.19019824353194e-03  -1.78931458555622e-03   2.37873810371526e-02   2.67845306819181e-03   9.92191542767575e-04  -2.56944197093748e-02   2.30564260028986e-02   7.99135925821498e-03   2.32781477063023e-03   2.01250176223126e-03  -3.00454368077611e-02   7.54750681034018e-03  -1.64074322802898e-02
  -5.39396638068428e-03  -5.30038037406020e-03  -1.02768820098625e-02  -2.77205886877669e-02  -2.58191288530261e-03  -5.20584269956786e-03   9.10057959866820e-03  -6.13533864126279e-03  -8.28355862720315e-03  -1.38914424464511e-02   1.00408936273268e-02   9.59001170659913e-03   6.02175328068586e-03   2.84331658506718e-04  -1.14301217765617e-02   7.41947278556133e-03  -6.41141345608005e-03
   8.89263102631374e-02   2.60417978383035e-03   2.83974136265215e-03   1.36727611226851e-02   6.01781036466116e-02   1.02230205126598e-03   3.65834629859713e-02   4.81881368607280e-02   4.65733691770037e-02  -8.14150443507515e-03  -1.30723452179212e-02  -9.27209983802240e-03   1.37738817763796e-02  -2.60160818312930e-03  -1.53560009545633e-02  -1.42338136528904e-02  -1.53141983075297e-02
   5.23156170263477e-02   5.44375116091289e-02  -7.57088508309166e-02  -3.95747662953041e-02  -2.72116353138217e-02  -1.56699101952184e-02  -4.26003488748799e-02  -9.66083153487043e-03   5.34791988131346e-02   1.52684598260183e-02   5.72044487734403e-02  -5.85256514358317e-02  -5.57116818101277e-02   1.57990544657659e-03  -5.83432768873104e-02  -2.79316711256495e-02  -6.82255051773336e-02
   1.84917882314914e-03   3.07762395891688e-02  -2.80029291860116e-02   1.16015049638203e-01  -4.85506492822809e-02   1.04187573608953e-03  -1.17622366758027e-01  -1.93179317775348e-02   4.46099946565929e-02   6.65423544108183e-02   3.76007135781215e-03  -7.74548625107925e-02  -3.50509858273277e-02   6.18773261989539e-04   1.32728134109634e-02  -7.21474327315081e-03  -2.75791858795821e-02
   1.39111544163838e-02   9.41092606131260e-03  -1.35649396974408e-02  -5.68889454389782e-02   1.00170983576520e-02  -1.18812466844270e-03   2.43266987030926e-02   5.06795940924535e-03   4.80822297417530e-03  -2.45592757343968e-02   2.22398849969158e-02   5.45289722465609e-03  -1.14249617888368e-04   1.20685597298274e-03  -2.94843486582308e-02   5.33980449949942e-03  -1.73188764423877e-02
  -1.01151154179493e-03  -2.99902629248891e-02   2.80946364599113e-02  -1.16477276899915e-01   4.91828571221581e-02  -1.64569729360131e-04   1.19776931728788e-01   1.99776693516496e-02  -4.41337552186720e-02  -6.75389586528335e-02  -3.88742768327337e-03   7.91725306871388e-02   3.51964051813729e-02  -5.97276119336872e-04  -1.26619867414653e-02   7.26178575540843e-03   2.80833585086825e-02
  -7.31329068532731e-03  -2.99048751705030e-03   1.17583350703825e-02   3.90830419737352e-02  -5.36287889349075e-03   2.91088945251171e-03  -1.65161411433916e-02  -1.24087963537870e-03  -1.39266138152843e-03   1.82932910603043e-02  -1.59112531550032e-02  -8.54875902017585e-03  -2.92859037324336e-03  -1.59319998938338e-04   2.68474130030283e-02  -6.98750712452162e-03   1.27529139498995e-02
   2.41918624888702e-03   3.17099643696328e-02  -2.82327763696968e-02   1.17534547486706e-01  -4.90998885878361e-02   8.16762163961803e-04  -1.19196707565313e-01  -1.92920471211623e-02   4.57949923131298e-02   6.75363555988300e-02   3.33373571939006e-03  -7.81927898985550e-02  -3.50907760078671e-02   6.31120952749189e-04   1.32073672240705e-02  -7.18501638201533e-03  -2.77520137178016e-02
   2.58894775658837e-02   6.81410729577162e-03  -1.02571207471755e-02  -3.09493651805736e-02   1.77543441169936e-02   2.04289389760345e-04   2.20421926393121e-02   1.16249849888974e-02   1.35697055735282e-02  -1.66623977596266e-02   1.29923108297578e-02   2.58736652190805e-04  -3.35384022367276e-03  -6.18820610141356e-04  -2.66083717603557e-02   2.29331079111279e-06  -1.64909663618455e-02
   5.26920166678312e-02   5.47138678500531e-02  -7.61095753973485e-02  -3.99201191732712e-02  -2.72878880398789e-02  -1.59309251170014e-02  -4.24635618705570e-02  -9.67003577129992e-03   5.37550547339824e-02   1.52910537422825e-02   5.73990697780661e-02  -5.87399873218159e-02  -5.60629234037654e-02   1.57339602741359e-03  -5.83511201962538e-02  -2.81089845355169e-02  -6.84981833748222e-02
  -3.79311330332816e-02  -7.77360662191742e-03   8.37383455506816e-03   1.63077736158505e-02  -2.51302758395025e-02  -2.14763753255178e-03  -2.30787068199110e-02  -1.90148871068803e-02  -2.11963984650515e-02   1.25459669454018e-02  -7.81252771617409e-03   3.47743632461431e-03   1.56152484469741e-03   9.78133882995537e-04   2.29478933389603e-02   3.67021048573635e-03   1.62582126397030e-02
   3.92688862296448e-02   3.95819966682248e-03  -6.75437546789854e-03  -6.80786864496645e-03   2.62827992107519e-02   8.25062727084613e-04   2.04880779405793e-02   1.87648264294789e-02   2.27545272525903e-02  -8.95264752443191e-03   3.34979813002153e-03  -4.42832595659494e-03  -5.93875270895813e-03  -2.34713300516936e-03  -2.32564678181169e-02  -4.85121665022559e-03  -1.54546686832327e-02
  -6.39379999900973e-02   2.73873742280241e-03  -5.66225161039263e-03   5.87437910954085e-02  -5.84029036147153e-02  -6.67404631962180e-04  -8.24285443123124e-02  -3.75020909726447e-02  -1.20133907708299e-02   3.97865977600842e-02  -1.29702050139492e-03  -7.76412691453391e-03  -7.14178338406818e-03   4.67639139303610e-04   4.28578400389058e-03   1.30445948571941e-02   6.84386725181020e-03
  -4.50454939314572e-03   1.20575050146440e-02  -1.97648571481227e-02  -1.04615411325659e-01  -1.20899462898426e-03  -3.87786071182227e-03   3.15610511215856e-02  -5.57513938865791e-03  -1.03832502783117e-02  -3.76725568345214e-02   3.64919302582546e-02   1.40962974768430e-02   2.30412491315514e-03   4.26522899024418e-03  -3.29768874094039e-02   1.27870431543481e-02  -1.89568593138029e-02
   1.01898940964394e-02   8.48350249354999e-03  -1.33936499474761e-02  -5.62429680771363e-02   8.02791489182004e-03  -1.44134595180014e-03   2.28047464751827e-02   3.50795965439717e-03   2.25067989778567e-03  -2.43598117571256e-02   2.17251477175366e-02   7.10908686512316e-03   1.79733206809490e-03   1.32986025402414e-03  -2.96281176873528e-02   6.67709717382213e-03  -1.61078101343660e-02
  -1.20260109756456e-02  -9.18313428195337e-03   1.37547417175710e-02   5.86417865798431e-02  -8.99424378227644e-03   1.39549053232277e-03  -2.42476605435503e-02  -4.21153685181596e-03  -3.29828800007282e-03   2.49234454627627e-02  -2.24390162492985e-02  -6.44857553733863e-03  -8.98177051617054e-04  -1.38751241556694e-03   2.96686944560091e-02  -6.02876563873869e-03   1.69250521812238e-02
   2.11393518132570e-02   7.37225944426185e-03  -1.10869451007591e-02  -3.79027824128169e-02   1.46494196204189e-02  -3.94832556821259e-04   2.21160478950550e-02   9.08245643714590e-03   1.03487861295514e-02  -1.88660615896004e-02   1.56283662231358e-02   2.13891372398466e-03  -1.97772629211987e-03  -1.44938270804237e-04  -2.76416485881605e-02   1.95827298980335e-03  -1.63496393544250e-02
   5.40631251642793e-03  -9.45085989062485e-03   1.71942128519415e-02   9.10163148292970e-02   1.72660751607779e-03   3.11709435282239e-03  -2.20534725630797e-02   5.04054715780033e-03   9.04840343258459e-03   3.25804770261819e-02  -3.17699538847621e-02  -1.52577556209424e-02  -6.99249511822576e-03  -4.25974640536743e-03   3.24133856195469e-02  -1.56847554994734e-02   1.62462617981617e-02
  -1.05680111314358e-01  -8.10698312654225e-03  -6.03159522422834e-04  -3.53927253858704e-02  -6.31283006687000e-02  -1.04007546777610e-03  -2.79802523055539e-02  -5.24499566388098e-02  -6.14113794844591e-02   1.85526403098498e-03   1.36624590349196e-02   1.42407734593717e-02  -1.42863549825712e-02   3.89486783268164e-03   1.47265603892102e-02   2.04446217486363e-02   2.05697555725541e-02
