   2.99229311692750e+00
   3.09486967691505e+00
   2.15870203554630e+00
   1.65048807583149e+00
   1.37619806937355e+00
   1.17310634296942e+00
   1.39805831641735e+00
   1.06994957953204e+00
   9.20453840632506e-01
   7.58620232302973e-01
   6.59732078661999e-01
   6.20517700328606e-01
   5.69833485712648e-01
   5.72381029503965e-01
   8.65640001590666e-01
   5.22140830264642e-01
   4.67214997473316e-01
   4.31612182618690e-01
   4.62913913743338e-01
   3.81663982796711e-01
   5.13659808161556e-01
   1.48258690784567e+00
   1.62937308676191e+00
   1.49421166783562e+00
   1.52063774627310e+00
   1.15901413331790e+00
   1.08422172889047e+00
   1.05678438095753e+00
   8.58839598180420e-01
   7.97325537633425e-01
   7.49307684688976e-01
   6.80839724554217e-01
   1.08052527077136e+00
   1.35777087378287e+00
   9.82415776424979e-01
   8.09613772071029e-01
   9.17379992891708e-01
   7.62438658453584e-01
   7.38662398144887e-01
   6.62258331588357e-01
   6.33181895624961e-01
   5.93957958239893e-01
   5.51255248337477e-01
   5.36026958154767e-01
   5.05863209410589e-01
   4.70277666406108e-01
   4.46941128629040e-01
   4.31886125114713e-01
   3.99724729849450e-01
   3.67388543795649e-01
   3.40832144427077e-01
   4.11371004511343e-01
   3.80841184553635e-01
   7.13872379974111e-01
   3.51208528606053e-01
   5.64219683593194e-01
   5.01401593938087e-01
   4.07555959505277e-01
   3.81289467025013e-01
   4.25873335266969e-01
   3.83865103805503e-01
   5.40632901477005e-01
   5.06013625903268e-01
   4.51509130291330e-01
   4.09368269114962e-01
   3.76282788295961e-01
   3.48274638631487e-01
   4.12954917621208e-01
   3.58593117472126e-01
   3.28916980021330e-01
   3.59747278030154e-01
   5.32002353375007e-01
   5.49172644699279e-01
   4.71572242579791e-01
   5.59191768734697e-01
   6.33091031122762e-01
   4.08695529798303e-01
   3.68145008225355e-01
   3.35702185041974e-01
   3.79970219627502e-01
   5.00418887005883e-01
   4.19941842104814e-01
   3.75042703819498e-01
   3.54162831174431e-01
   3.14862099584331e-01
   2.89412281080046e-01
   2.64631131267017e-01
   2.50631387345885e-01
   2.34448317843807e-01
   2.23514191073260e-01
   2.10768839015155e-01
   2.04162489696563e-01
   1.92732456419754e-01
   1.82767818087762e-01
   1.74288962201347e-01
   1.66615765764673e-01
   1.59643093311147e-01
   2.18599430928433e-01
   1.85481881335377e-01
   1.60588478384857e-01
   1.42802758089196e-01
   1.33203709924146e-01
   1.24549160734223e-01
   1.17970883423532e-01
   1.12520244102978e-01
   1.07804295317818e-01
   1.03614732319089e-01
   9.98272569755431e-02
   9.63619151846266e-02
   9.31652889506810e-02
   9.02018095688913e-02
   8.74486118970523e-02
   8.48907670981258e-02
   8.25156317456373e-02
   8.03084416145558e-02
   7.82515237665688e-02
   7.63263823855894e-02
   7.45160281761605e-02
   7.28061388051868e-02
   7.11851882255616e-02
   6.96440184309808e-02
   6.81750619983313e-02
   6.67718101126514e-02
   6.54291443894235e-02
   6.41427558645179e-02
   6.29087491488169e-02
   6.17236783611064e-02
   6.05844493532821e-02
   5.94882623114080e-02
   5.84325683961152e-02
   5.74150368017178e-02
   5.64335283625559e-02
   5.54860737084877e-02
   5.45708549262296e-02
   5.36861898790678e-02
   5.28305186321180e-02
   5.20023916081618e-02
   5.12004592027711e-02
   5.04234626365115e-02
   4.96702258568406e-02
   4.89396483435153e-02
   4.82306987013601e-02
   2.42846755294791e-01
   3.93316956069992e-01
   2.31499232216353e-01
   1.66229004874623e-01
   1.09114327453316e-01
   1.04384085105567e-01
   1.00815188416954e-01
   9.77757293310936e-02
   9.49688433503041e-02
   9.22871809062740e-02
   1.01580271435276e-01
   8.89401609182880e-02
   8.61861655440474e-02
   8.36302863006698e-02
   9.31463261887840e-02
   8.06201927220002e-02
   7.80134487228031e-02
   7.57243636503283e-02
   8.45727361522200e-02
   7.29116992694823e-02
   7.06913631530629e-02
   6.87775436600698e-02
   6.70401352080914e-02
   7.55424118051326e-02
   6.47766155136152e-02
   6.30902120070436e-02
   6.16271425231331e-02
   6.02910083541895e-02
   5.90467743208417e-02
   5.78760143263144e-02
   8.91659320041479e-01
   7.49879002915350e-01
   4.76867071452379e-01
   3.00465894903353e-01
   2.89406199308990e-01
   2.55286722505134e-01
   2.30152180594869e-01
   5.05739586758937e-01
   1.03918516894159e+00
   6.21057555287343e-01
   4.80714182541074e-01
   4.58360735402418e-01
   3.61011276863011e-01
   3.78165094886999e-01
   3.94207022281657e-01
   3.01904578778706e-01
   2.73201095406873e-01
   2.49256968271197e-01
   2.34151629668572e-01
   2.22831347007535e-01
   2.13833145818199e-01
   2.87053888070269e-01
   2.03636249752719e-01
   1.96715942802704e-01
   1.76671057252853e-01
   2.93866928739730e-01
   1.67924715011230e-01
   1.72107046699623e-01
   1.54552029564936e-01
