   3.32768076046090e+00
   2.09892894242081e+00
   2.61239222372081e+00
   1.71834147193810e+00
   2.68601059503029e+00
   2.18772593900841e+00
   3.80279081777327e+00
   2.38449030517499e+00
   7.43904662298717e-01
   8.11268553808550e-02
   2.51403016761582e+00
   2.74071818116525e+00
   1.51302835430025e-01
   3.88796663102091e+00
   6.55642377255874e+00
   2.99416920783989e+00
   2.22919598100799e+00
   6.16158705350927e+00
   9.17646953430286e-02
   1.69488491253604e+00
   2.32650630239970e+00
   3.76937705777976e+00
   3.55413043797039e+00
   3.09212424877960e+00
   7.45813342641641e+00
   9.47633667437759e+00
   5.48045054029889e+00
   4.90261409334940e-02
   5.79418576099921e+00
   4.56067694294733e-02
   9.58962750838934e-03
   5.04565804696931e+00
   2.01463239170374e+00
   1.60629644306781e+00
   1.48306994146750e-01
   1.36980020419429e+00
   3.84443520084576e+00
   3.84988115316784e-01
   2.59443215381264e+00
   7.89894038611780e-01
   7.66411802929069e+00
   4.75926580503553e+00
   2.44414176756049e+00
   8.01697016367972e+00
   6.18918778197830e-02
   4.18969689906704e+00
   3.69130283531495e+00
   3.29118837493370e+00
   1.65136953367794e+00
   3.19567191633570e+00
   5.75386285552103e-01
   9.24398912520030e-01
   9.35440316200890e-01
   4.54068736394462e+00
   1.19621521089658e+00
   3.17235668938058e+00
   1.98442921202446e+00
   4.02078946435695e+00
   1.90076273628578e+00
   9.32056502463907e-01
   1.93679545774791e+00
   5.06094279982820e-01
   7.83744834894580e-01
   1.65047498910014e+00
   1.74006666725884e+00
   4.79842496919760e+00
   1.14171024383149e+00
   5.89240511231249e-01
   1.49061954615879e+00
   6.07204774812066e+00
   2.13497503779448e+00
   1.53036423545399e+00
   1.82334482201313e+00
   7.28914506390497e+00
   4.56930415867542e+00
   5.89057679522592e+00
   3.41863558749083e+00
   5.77482787441253e+00
   2.35697248259252e+00
   1.00895974535879e+00
   3.78498624971686e-01
   6.65036666711929e-01
   2.71777439143799e+00
   1.01810034368191e+00
   3.01393145838139e+00
   2.61831710513909e+00
   3.33330078211626e+00
   1.82550651151089e+00
   1.17093694655439e+00
   3.91495252751466e+00
   2.22153633071657e+00
   9.20442763830104e-01
   5.90924737432774e-01
   5.43812354378438e+00
   2.64534664000093e+00
   2.91986206190972e+00
   2.27623486773779e+00
   6.64805368330905e-01
   1.55482393112367e+00
   1.90730418403878e+00
   7.25510182198742e-01
   2.72126329971212e+00
   3.35558360644482e+00
   3.31343910015606e+00
   1.32732072591172e+00
   2.91675806796146e+00
   3.19861096443880e+00
   2.31254526915361e+00
   3.69017800940739e+00
   2.32945690024764e+00
   2.82061190191436e+00
   5.79413932579290e-01
   2.88058678624624e+00
   3.78417837782759e+00
   8.49048336334789e-01
   2.50474002327783e+00
   1.44124204014765e+00
   2.76123550111481e+00
   2.56832766134442e+00
   3.90795817704128e+00
   3.13347693277635e+00
   2.86600633453313e+00
   1.60025113341740e+00
   1.55997719824934e+00
   1.21024152199023e+00
   1.99203603609631e+00
   1.54991126399774e+00
   2.84258302649159e+00
   1.12778084860046e+00
   2.28739872698113e+00
   1.03796752091145e+00
   3.03270423931070e+00
   3.74856746922558e+00
   1.79111170468875e+00
   1.37841711297144e+00
   8.71706456337262e-01
   1.30581912566505e+00
   2.02931704029537e+00
   1.72894085314565e+00
   1.02184282774943e+00
   6.35319318855086e-01
   2.37103222782783e+00
   2.05553334763179e+00
   2.79612265692724e+00
   2.73268078406218e+00
   3.60094272263208e+00
   1.93487762975381e+00
   1.76737810822738e+00
   6.94918306412665e-01
   3.58414936215211e+00
   2.53413357332050e+00
   1.23752916719191e+00
   2.25198108946422e-01
   1.66548036200126e+00
   5.77403839296212e-01
   3.05037190982791e-01
   1.49801210120764e+00
   2.53045218154974e+00
   1.12413981017409e+00
   9.50997688380073e-01
   9.16398542317172e-01
   2.98208586263673e+00
   1.72629941635401e+00
   1.19880713723043e+00
   2.27615439586702e+00
   4.33396336503588e-01
   1.52604699357904e+00
   2.59486116599298e+00
   2.28113059847675e+00
   3.21363480703360e+00
   1.38259032896561e+00
   2.99162741343118e+00
   3.88869327231355e-01
   1.25471939375107e+00
   5.63630754627376e+00
   3.21151819127520e+00
   4.49365021573456e-01
   1.37099596943751e+00
   3.69914325218280e+00
   1.26370295156121e+00
   4.96076996199204e-01
   1.97002365463836e+00
   1.29945336581175e+00
   8.40502083358527e-01
   1.57956701242755e+00
   1.13238526129866e+00
   9.45842229848250e-01
   8.33137563678276e-01
   2.25564205846750e+00
   2.16303212653807e+00
   1.94408284804014e+00
   3.01008165950325e+00
   2.41331940761944e+00
   1.87348070909526e+00
   1.30978687281612e+00
   3.77983388360709e-01
   9.37687746616033e-01
   2.79107281555758e+00
   1.46560869127926e+00
   2.03043215993462e+00
   2.88951962223414e+00
   1.12344481719486e+00
   1.39607927322624e+00
   2.04356231976240e+00
   1.37213675017968e+00
   1.58974755417109e+00
   1.00121252209174e+00
   2.85797400439020e+00
   1.21644645590440e+00
   6.41460039546670e-01
   4.13759498115623e+00
   1.71670176523009e+00
   1.76703822654658e+00
   1.15757196767793e+00
   4.39895299262496e+00
   2.63315431641796e+00
   3.61186598957664e+00
   2.48082566748985e+00
   3.37993675787377e-01
   6.78841127405030e-01
   9.93592674128950e-01
   1.33889226553038e+00
   1.62277648805636e+00
   2.48307622399682e+00
   3.61378220893316e+00
   1.91100402191546e+00
   1.90834926602805e+00
   1.12837176033897e+00
   1.24806513977217e+00
   1.98218662767455e+00
   1.33472166895547e+00
   9.57679332342397e-01
   3.99603104266928e-01
   1.90403102325703e+00
   2.18233528187847e+00
   8.79025883867983e-01
   5.35642693635064e+00
   1.33362305475860e+00
   5.54886640216132e+00
   8.24418429153934e-01
   3.20035715264780e+00
   1.40121070566439e+00
   2.32684752453737e+00
   1.69985769044409e+00
   1.25088283261485e+00
   1.07229017504056e+00
   1.20043530596178e+00
   2.15798726489630e+00
   3.65083380201525e+00
   1.11533425676642e+00
   8.76803652209562e-01
   6.36871501426909e-01
   2.52675067234423e+00
   1.81495909320077e+00
   6.45847188934562e-01
   1.69684502688076e+00
   6.47076261806985e-01
   8.98534508414855e-01
   2.50337685605600e+00
   2.58469389503410e+00
   4.39455307012516e-01
   1.14089662215541e+00
   2.55711515148868e+00
   1.18605294004163e+00
   1.87598492148346e+00
   1.55630209741936e+00
   2.45773652276842e+00
   2.10126339386511e+00
   1.39665955340023e+00
   4.83117749070160e-01
   2.99477461991284e+00
   2.40802664456498e+00
   5.92216020903178e-01
   3.54234616886727e+00
   9.74835190737410e-01
   1.28956937338129e+00
   5.24174873011718e-01
   9.10191181097667e-01
   3.42239769341160e+00
   1.21939588367434e+00
   1.21512126489409e+00
   1.08756420995465e+00
   1.67602447459213e+00
   3.21925010797984e+00
   7.27472214541539e-01
   1.86326431448513e+00
   5.42315957008479e-01
   2.20025890867438e+00
   3.23294616334483e+00
   2.12178618225930e+00
   2.14041605793404e+00
   2.03785834495829e+00
   1.68045758554654e+00
   1.62901548377283e+00
   7.90707986625155e-01
   5.20620978807290e+00
   1.69371475073839e+00
   4.20752662079075e-01
   1.33297938475742e+00
   4.17523346345644e+00
   1.64203588016921e+00
   8.33618862559648e-01
   1.49256796714589e+00
   1.20470149638431e+00
   1.38268563734403e+00
   1.30909427349326e+00
   1.63468332708503e+00
   1.07370805522091e+00
   4.01376216866572e-01
   4.12781704300574e+00
   2.00863507562372e+00
   3.19242165977470e+00
   5.23800862545772e+00
   2.18682087758686e+00
   1.30135492938615e+00
   4.07870901222716e+00
   1.02488716006743e+00
   2.26243861999814e+00
   2.05763877228103e+00
   7.88259862413088e-01
   1.26142511015196e+00
   9.85836250841298e-01
   6.76157573352010e-01
   1.76228950043183e+00
   2.34730222732271e+00
   1.00554375223032e+00
   1.72471988948271e+00
   1.25671617390545e+00
   2.47659300977792e+00
   1.86273249775541e+00
   1.15862564909101e+00
   1.55614758765098e+00
   2.42801252732758e+00
   7.30650436650911e-01
   7.54729700629083e-01
   4.27743014529622e+00
   2.61115035988065e+00
   3.59143859730583e+00
   2.03464821466735e+00
   9.11676726146627e-01
   8.18283725893885e-01
   1.92702799806342e+00
   4.05677266460016e-01
   2.07258237197408e+00
   1.66210480622124e+00
   1.76618156222406e+00
   1.57289025381509e+00
   2.07449155885652e+00
   1.08449088691400e+00
   1.10722536961287e+00
   1.59988829053630e+00
   1.22290496057831e+00
   1.49959939701271e+00
   6.45158798648415e-01
   1.99164280832423e+00
   2.18381256161145e+00
   8.22883545663237e-01
   2.94995897502863e+00
   1.10328905464424e+00
   3.29112929640505e+00
   7.45083866595711e-01
   3.66178887084066e+00
   2.15757688660816e+00
   1.38656809457365e+00
   1.10254795651111e+00
   1.38872381376971e+00
   8.39326563520062e-01
   1.53787089678785e+00
   1.99067462504471e+00
   1.55588900274482e+00
   1.89409504410809e+00
   8.95238678661652e-01
   1.66706296477781e+00
   1.39513284018653e+00
   1.13804656324027e+00
   1.82390154302136e+00
   1.02355622913243e+00
   1.60538429639693e+00
   8.65872184105612e-01
   2.15226504868234e+00
   2.34810001238450e+00
   1.29323228553822e+00
   1.36826105549420e+00
   2.60927226956934e+00
   1.61838716868681e+00
   1.76889377402485e+00
   1.49096159038534e+00
   2.14967101258626e+00
   1.12560512675600e+00
   1.38467643084921e+00
   2.49516875011735e+00
   2.51656458106630e+00
   2.01231255357262e+00
   4.77581145735459e-01
   1.73116595479678e+00
   1.75612854888537e+00
   1.45785504663288e+00
   8.30506452866718e-01
   9.83476998926935e-01
   2.15290620551444e+00
   1.16472731369812e+00
   1.04429246357911e+00
   1.30584960894999e+00
   1.73697740663719e+00
   2.57102065871622e+00
   6.24137060983722e-01
   1.83880096251579e+00
   1.75100226326490e+00
   3.24590538270958e+00
   2.17262249279217e+00
   2.38964267989653e+00
   1.43073839705083e+00
   1.26980052593651e+00
   1.42429099120364e+00
   1.50750723729968e+00
   1.04865662994150e+00
   2.54420941927710e+00
   3.26546993588115e+00
   6.45937714285550e-01
   1.41465722908220e+00
   3.00648310179239e+00
   1.77631915406541e+00
   4.71681008878969e-01
   1.29584673307197e+00
   9.66192509023583e-01
   1.26005801830859e+00
   1.74120576600603e+00
   2.29912208533215e+00
   1.09804480030886e+00
   1.04638248799645e+00
   4.05927635371307e+00
   1.59800568622736e+00
   2.75655179712995e+00
   4.65415203757759e+00
   1.81508259961985e+00
   5.66548492323145e-01
   2.99813611626575e+00
   1.88484263115039e+00
   3.01999838911371e+00
   2.11362912308851e+00
   1.12990028571384e+00
   9.90310534115017e-01
   8.62224303265626e-01
   8.05550518166802e-01
   1.42083856547704e+00
   2.66054146589106e+00
   9.98968925843428e-01
   1.27196308758810e+00
   4.98947673471647e-01
   1.96378230800238e+00
   1.53649670563945e+00
   4.42299305135670e-01
   2.06362737390561e+00
   2.92663073425333e+00
   9.98632928498060e-01
   8.15762451325008e-01
   3.33798733447520e+00
   3.40341299696476e+00
   3.07187622185220e+00
   2.68565014420652e+00
   6.49819520256265e-01
   1.10174017881647e+00
   1.55079478894096e+00
   1.35252332992006e+00
   1.41528209351417e+00
   1.07888911963963e+00
   1.51735536556801e+00
   1.77295601222060e+00
   2.43590452135991e+00
   1.30748668249013e+00
   1.71753573661847e+00
   1.49936816286392e+00
   1.12988883678680e+00
   1.47088400217978e+00
   1.16732000436259e+00
   9.45628571022175e-01
   1.37487523849137e+00
   1.08191335039614e+00
   1.92823753529482e+00
   1.28421729284790e+00
   2.38974618506560e+00
   7.22353141524157e-01
   2.99128884681860e+00
   1.28951036297661e+00
   1.47963843132383e+00
   1.58158052505906e+00
   1.95371144383335e+00
   1.32937614627634e+00
   1.00100688461765e+00
   2.60597097736422e+00
   1.79435995890890e+00
   1.23300941116496e+00
   7.09346096350178e-01
   1.12311190208500e+00
   3.42019781010974e+00
   3.64480222047849e+00
   1.32884197427700e+00
   1.40082831625348e+00
   3.98424159043350e-01
   7.32238840435197e-01
   2.92424772916739e+00
   1.79462913396726e+00
   5.28856214501740e-01
   6.45955578137917e-01
   2.87391884090643e+00
   1.80459601738280e+00
   1.93301787244180e+00
   1.72031897512550e+00
   1.28646639966826e+00
   2.39516002622546e+00
   1.28240104706419e+00
   3.68844054147587e-01
   3.41039862406693e+00
   1.15836608121071e+00
   5.77555088445922e-01
   1.40642347607989e+00
   1.39835538851093e+00
   1.32205687678449e+00
   1.19323109301935e+00
   9.19140558343979e-01
   2.19421851707932e+00
   7.08532617096815e-01
   7.38058446817684e-01
   1.20152921936168e+00
   1.74223103372907e+00
   1.65445389484576e+00
   4.45996686087924e-01
   2.28621233202115e+00
   9.12743248845985e-01
   2.28691250083508e+00
   1.10239045259037e+00
   2.72877319711462e+00
   1.51003029891706e+00
   1.12781791621626e+00
   8.70226625292089e-01
   1.23700443309953e+00
   1.05613603164130e+00
   4.91360173809698e+00
   2.54244135462089e+00
   2.44453855616227e+00
   1.65302941730531e+00
   2.10518542737093e+00
   1.83950040295211e+00
   8.30947648256976e-01
   1.53150671036608e+00
   6.87924766459777e-01
   8.98999277686968e-01
   1.65815569889941e+00
   1.45000701627831e+00
   1.75662245245398e+00
   5.93578209424420e-01
   3.63449681242160e+00
   1.69826751881588e+00
   2.03468212195936e+00
   4.75041828951419e+00
   2.61366808262744e+00
   9.95151720112424e-01
   1.60847032324789e+00
   6.11710442445390e-01
   2.40309952108678e+00
   2.06330050120944e+00
   6.76044519286329e-01
   7.33722525460493e-01
   1.79774984891095e+00
   9.04170112741704e-01
   1.47396651504988e+00
   3.21607921784049e+00
   7.27940868686860e-01
   1.37595728827348e+00
   3.44672644295478e-01
   1.46913046303771e+00
   2.27259682364740e+00
   5.15339900285834e-01
   2.85914986072085e+00
   1.74523349295978e+00
   1.69547671014045e+00
   5.69544262693214e-01
   3.41014324169485e+00
   3.38834462944354e+00
   3.71478597096458e+00
   2.71075281307330e+00
   8.61684835757850e-01
   1.77092565781084e+00
   1.11727309319396e+00
   8.14871595674175e-01
   2.03682236993163e+00
   1.04229562959808e+00
   2.11759533673818e+00
   1.44403084189315e+00
   1.21293124254402e+00
   1.26938267279355e+00
   1.61835631890698e+00
   1.88779192746862e+00
   1.11747112206662e+00
   1.73059488071112e+00
   1.07032544894051e+00
   2.59023868054447e-01
   1.64259894778615e+00
   7.06534305638547e-01
   2.56183338023572e+00
   1.11932262646704e+00
   2.59330885125168e+00
   7.21636334041238e-01
   2.30551016607075e+00
   1.09674659151159e+00
   2.13434637461910e+00
   7.17583230421574e-01
   2.13583696275940e+00
   3.08830053369136e-01
   1.13164635466214e+00
   1.96683779504970e+00
   6.15439773896597e-01
   7.27152611610789e-01
   1.50825868298079e+00
   4.89224031205562e-01
   2.11212771884335e+00
   1.56443654813430e+00
   1.28781828825660e+00
   1.25110343725000e+00
   6.85205818082106e-01
   1.10680139242152e+00
   2.23503916154122e+00
   2.07237483251705e+00
   6.77829357281273e-01
   1.62747355865714e+00
   2.27155940974084e+00
   2.10036867245867e+00
   1.99754847881552e+00
   1.15980586895232e+00
   2.17804042889742e+00
   1.51954759607875e+00
   1.50432767218250e+00
   3.75266343297088e-01
   2.53017989361678e+00
   7.23584736498889e-01
   4.99660648650394e-01
   1.17571416036476e+00
   1.31705175118323e+00
   1.06747954843949e+00
   1.33354272034697e+00
   1.52891293699008e+00
   2.77508137845695e+00
   5.76700925877417e-01
   7.40994061476147e-01
   1.04182440453799e+00
   8.09205317429787e-01
   1.37281039961455e+00
   3.56586429018315e-01
   1.96784473368022e+00
   6.38548907418754e-01
   1.56870686201232e+00
   3.11318168152429e+00
   1.83617192317006e+00
   1.62444657994078e+00
   9.49431274314909e-01
   1.41538424537961e+00
   1.37936267994745e+00
   9.19932430984595e-01
   2.36906744867219e+00
   1.55730946435825e+00
   7.40859690163361e-01
   1.53780907242562e+00
   3.62733392696413e-01
   1.73024388334157e+00
   7.82447287464269e-01
   1.05198573203251e+00
   1.02856709650471e+00
   1.00483842632275e+00
   2.53682266598944e+00
   1.37697752736262e+00
   2.15970409641245e+00
   6.54809204794962e-01
   2.47635958539641e+00
   1.14538549532315e+00
   2.92901327582344e+00
   2.80296173843770e+00
   1.30940501779231e+00
   9.55589739383137e-01
   6.74777365674782e-01
   6.71559773539549e-01
   2.32316550119433e+00
   1.61776603640574e+00
   5.33884276712505e-01
   2.02718673693768e+00
   1.50322093643174e+00
   1.28188170695141e+00
   1.48455817837274e+00
   3.42668269598507e+00
   8.68804845507663e-01
   1.23903779729542e+00
   9.38460289336162e-01
   1.56644036802190e+00
   1.66746501286891e+00
   2.06200930877840e+00
   2.16603848065389e+00
   2.53732447008709e+00
   1.49287375019218e+00
   6.49989679438931e-01
   3.52614677257645e+00
   2.87387071684430e+00
   3.30730327773079e+00
   2.61561384014062e+00
   3.31755691918861e-01
   8.63029387986757e-01
   1.23366831570566e+00
   8.40674381948185e-01
   2.05144218549903e+00
   9.10684670551772e-01
   1.85301225631041e+00
   1.16503244114898e+00
   1.23083743737922e+00
   8.72153033523329e-01
   1.15193756747540e+00
   1.65523527389976e+00
   7.37977918590639e-01
   1.90563520974595e+00
   8.71768214142965e-01
   1.07818690318830e+00
   2.06764649623499e+00
   7.22963662502380e-01
   3.66470474191475e+00
   1.15222081047785e+00
   2.81746904829709e+00
   5.78913754176261e-01
   2.95206038736730e+00
   1.68442639872207e+00
   7.49209674775700e-01
   9.55148239824406e-01
   1.43350181346451e+00
   4.75030009025750e-01
   9.50962908575232e-01
   1.79428120636867e+00
   2.87935384574283e+00
   7.84456469941763e-01
   6.67434158363216e-01
   5.20389407460088e-01
   2.32384651093557e+00
   2.94762456845181e+00
   7.23574291465273e-01
   1.43181009417129e+00
   6.96421993631251e-01
   6.69190492076890e-01
   2.62202929986059e+00
   2.04718358428280e+00
   9.59816680293153e-01
   6.17919890781729e-01
   1.97941317813226e+00
   1.72760317664199e+00
   2.07066896508260e+00
   1.58904972982761e+00
   2.09308337798978e+00
   3.32240392575517e+00
   1.51710899737266e+00
   6.87168736061952e-01
   2.85759267717341e+00
   1.04714089826965e+00
   8.08722586776908e-01
   6.76576885701870e-01
   1.13633100457762e+00
   8.93257134401787e-01
   7.46989520612129e-01
   9.22836178574104e-01
   2.26124826431303e+00
   9.21581540479448e-01
   9.68303659109212e-01
   1.14048175737046e+00
   8.05114002436067e-01
   1.18377969348567e+00
   4.18480344122827e-01
   1.72516605959730e+00
   5.63859792488064e-01
   2.20287065297733e+00
   1.74765321316844e+00
   5.39612023525641e+00
   1.47111333392064e+00
   6.57755793090864e-01
   1.48464643642163e+00
   3.78265029261990e-01
   8.08745122639930e-01
   3.57814137332972e+00
   4.10682886979591e+00
   5.82007669812178e-01
   1.95789469998222e+00
   2.40469376557323e+00
   1.51831033537250e+00
   1.02918127847376e+00
   1.55800057154793e+00
   1.16850786515119e+00
   1.56521187708093e+00
   2.27456627713460e+00
   1.94923884975673e+00
   1.87073418351077e+00
   1.92240199264536e-01
   1.98728058041343e+00
   1.81531956193106e+00
   1.83856860345759e+00
   5.27433467248568e+00
   2.08998391564395e+00
   3.92217359144832e+00
   1.37538177371643e+00
   8.53509839146829e-01
   2.84557312851001e+00
   2.02561051615506e+00
   6.10270545314835e-01
   2.47411039700840e+00
   1.36648388658835e+00
   1.19284009252876e+00
   1.35315842917919e+00
   2.16031109459198e+00
   8.14716923893391e-01
   1.36016419471997e+00
   3.34661890464837e-01
   2.36020708289548e+00
   1.72574507048239e+00
   3.49019983366908e-01
   1.36704895431107e+00
   2.10264946210639e+00
   1.46391601533726e+00
   8.17529455670319e-01
   6.32156017144185e+00
   3.26172048086673e+00
   2.04875348587054e+00
   3.42247532401330e+00
   3.41274333919617e-01
   3.02040385652028e-01
   1.08876847937282e+00
   8.71107619078009e-01
   1.75806932246736e+00
   1.02913495927761e+00
   2.31784346797431e+00
   1.21531581902927e+00
   3.84409021287992e+00
   1.12787154937187e+00
   3.94058396160193e+00
   1.39838051619577e+00
   1.45163572240552e+00
   2.54254492041299e+00
   8.84570641053253e-01
   1.16034524313871e+00
   2.46581690766152e+00
   1.13894316202408e+00
   2.74276106382013e+00
   1.15189627017254e+00
   2.06919911922666e+00
   6.27200688442732e-01
   1.38220942778338e+00
   1.47396981866949e+00
   7.46677421305197e-01
   9.53644182031586e-01
   1.47498882520691e+00
   1.78227920224045e+00
   1.19048469397689e+00
   3.65955076143397e+00
   2.00981794142270e+00
   1.04145788587937e+00
   8.55343159268246e-01
   8.20822420860768e-01
   2.18098942959011e+00
   9.93179066817635e-01
   1.08913576298363e+00
   1.46995083951670e+00
   8.12061987583282e-01
   1.33035784158606e+00
   2.76404734612815e+00
   1.86052276018292e+00
   1.02425488103912e+00
   5.50350031965883e-01
   3.25010744417141e+00
   1.00696790457198e+00
   1.76860827750608e+00
   1.14479985026529e+00
   3.39260226635352e+00
   2.25770623470733e+00
   1.25147913509833e+00
   7.33273157128167e-01
   3.24001600439668e+00
   8.86594755358362e-01
   8.73533108619502e-01
   9.05171256080855e-02
   1.08580045784457e+00
   1.62205916558542e+00
   5.41566016965347e-01
   1.00405460272430e+00
   2.29376948397508e+00
   1.62611871201311e+00
   1.73082398853654e+00
   1.78299053021131e+00
   6.29699576987672e-01
   1.06518414659567e+00
   4.21333004162362e-01
   1.27727165649508e+00
   5.17659682068923e-01
   3.02396727871929e+00
   1.55819271742608e+00
   3.24472279607567e+00
   1.67747139381478e+00
   8.19643859175053e-01
   1.79186170200182e+00
   4.88908461924336e-01
   8.21793360785263e-01
   3.15542400802654e+00
   3.79266426563300e+00
   6.22663256419070e-01
   2.30011827950613e+00
   1.71522618259743e+00
   1.89424240950078e+00
   8.29259973378719e-01
   1.98513302165709e+00
   1.07661098255393e+00
   1.57716038691097e+00
   1.75753084432027e+00
   2.11699493790987e+00
   1.62443035167906e+00
   4.60690586673980e-01
   1.57306410189179e+00
   1.60595665529292e+00
   2.50379879772871e+00
   4.73025209126982e+00
   1.73913914844421e+00
   1.29164495343187e+00
   8.11566735257308e-01
   8.40788410521784e-01
   2.12473820011632e+00
   1.20090721611981e+00
   7.31681249323053e-01
   2.13017750620227e+00
   1.32136022665923e+00
   1.17241343836008e+00
   1.43101581194572e+00
   2.25816743176158e+00
   1.27251812819820e+00
   1.15650712583318e+00
   7.06474185019904e-01
   1.89895876235699e+00
   1.52609528493121e+00
   6.52100582832326e-01
   1.16647142599084e+00
   1.95133960517333e+00
   1.27969501400146e+00
   1.13984892134544e+00
   4.24115775873198e+00
   2.91853760969110e+00
   2.79325789093419e+00
   2.88440892851004e+00
   5.06016848406218e-01
   6.79155768714846e-01
   1.16652653007685e+00
   9.39881367598629e-01
   1.27922288337684e+00
   9.48789419398662e-01
   2.39174143114573e+00
   1.19802883875811e+00
   3.19581595839982e+00
   8.53931318899497e-01
   3.59895545548188e+00
   1.56805336169246e+00
   1.42576654974979e+00
   2.30880075168234e+00
   9.59204342500767e-01
   1.51052548731923e+00
   1.66988421694408e+00
   1.19291981263080e+00
   2.10685452581952e+00
   1.09164990322108e+00
   1.79530711756212e+00
   5.42089709179521e-01
   2.00254803610501e+00
   1.20718913655399e+00
   5.88610695545355e-01
   1.15920517722302e+00
   1.59958260360640e+00
   7.16124904818571e-01
   1.22549301907737e+00
   1.68177223407579e+00
   1.77613277878092e+00
   9.85320486758256e-01
   1.37165838966119e+00
   7.18252641456742e-01
   2.04318393560314e+00
   1.14696528681299e+00
   8.11517446088902e-01
   1.17818322347937e+00
   1.03426629198474e+00
   7.89735155149155e-01
   3.16286678169420e+00
   1.58992559163851e+00
   8.21022209058909e-01
   3.36437049322203e-01
   2.02851967283582e+00
   1.98092610113799e+00
   2.12055448243277e+00
   9.68523351230166e-01
   3.31526018741654e+00
   2.76621676281194e+00
   1.18977181505871e+00
   7.87841924720406e-01
   2.93112470029395e+00
   2.05618199152474e+00
   7.92046396877570e-01
   1.64608682821381e-01
   1.39349951957606e+00
   1.22874249396665e+00
   5.65783580472911e-01
   8.85291627709852e-01
   1.99467023076118e+00
   1.67178430639674e+00
   1.76364821174333e+00
   1.07788516267646e+00
   9.00050299526534e-01
   1.96216383120483e+00
   4.27353522653359e-01
   1.33095638540138e+00
   6.14686732293697e-01
   2.05641112597317e+00
   2.35429445031827e+00
   2.80919574946335e+00
   1.46144919442465e+00
   9.89821758432424e-01
   1.71916500765553e+00
   6.61243246265126e-01
   7.82490710821445e-01
   2.89148101869771e+00
   2.63362467267568e+00
   7.13815271157648e-01
   1.47994452704976e+00
   1.39021888595509e+00
   1.49680068331334e+00
   8.96591134833479e-01
   1.68014669901519e+00
   1.19015053440387e+00
   2.32596017800902e+00
   1.46948442109241e+00
   1.58475878777275e+00
   1.43920528145609e+00
   6.08407650009477e-01
   3.39735595852339e+00
   1.30016761005108e+00
   2.44139514355215e+00
   2.48267276606332e+00
   1.40011486961614e+00
   1.23492176723565e+00
   5.27039425353921e-01
   1.73157240012629e+00
   1.75957385917947e+00
   1.14255732853004e+00
   6.63043812328631e-01
   1.43315143433653e+00
   1.37381502396780e+00
   1.23143757955070e+00
   1.31537288139403e+00
   2.64246984351628e+00
   9.52210415760857e-01
   1.10210472178794e+00
   7.82722224161748e-01
   1.74705391398084e+00
   1.37994923358414e+00
   7.19981353258292e-01
   2.44348854576472e+00
   1.90781130373940e+00
   1.16233003910644e+00
   1.23475059892717e+00
   3.28015378211737e+00
   2.89782510006292e+00
   3.63507654149279e+00
   3.34838706397754e+00
   4.96414725927232e-01
   4.45996236800383e-01
   9.56018030698346e-01
   1.06038631183190e+00
   1.28308471745086e+00
   1.38180012901680e+00
   2.25900216517448e+00
   9.75028984624211e-01
   3.05821711729362e+00
   9.12420185605430e-01
   2.89838772474636e+00
   1.50778144103028e+00
   1.30141173798981e+00
   2.01635021966486e+00
   8.51377850478741e-01
   9.25758331484229e-01
   8.55587909304544e-01
   1.10294063749608e+00
   2.73941832080599e+00
   9.41621438502808e-01
   1.86079929453966e+00
   6.14192583663269e-01
   1.96505956853924e+00
   1.08226742213813e+00
   1.18742989424274e+00
   1.65960907871082e+00
   1.48918916906132e+00
   7.15605232149053e-01
   1.22869240561468e+00
   1.40240342519108e+00
   1.96231069578624e+00
   1.00214480370296e+00
   7.46563418511491e-01
   6.68128356413929e-01
   1.51886332312037e+00
   5.78250774891270e-01
   6.72136511037139e-01
   8.93161568989296e-01
   9.93369355906264e-01
   7.74174507539290e-01
   2.75428464832022e+00
   1.72493058735419e+00
   1.21560324901624e+00
   3.45865813590291e-01
   1.95863629205448e+00
   1.88613583135689e+00
   1.30931810243034e+00
   1.32702517664894e+00
   2.69716323473292e+00
   2.85229442503005e+00
   1.08712589250177e+00
   7.27160747483439e-01
   2.69481292712969e+00
   2.37536634275390e+00
   6.30651382232001e-01
   3.56752399727670e-01
   5.78761500860221e-01
   1.54507619733821e+00
   4.20421013932407e-01
   9.31089697264216e-01
   2.54302143354954e+00
   1.18039343877137e+00
   1.58974160973884e+00
   1.41854861136813e+00
   9.07648439448911e-01
   2.25678945347414e+00
   4.97897041380831e-01
   2.04456915277663e+00
   4.56032207336954e-01
   1.65212233551588e+00
   1.51200252861247e+00
   3.15046039885612e+00
   1.21003998889617e+00
   1.71551359807404e+00
   2.30628635757289e+00
   1.99073203939894e+00
   7.52018292444964e-01
   1.96071280753511e+00
   2.53489357269497e+00
   5.92703156590890e-01
   1.82319374827926e+00
   1.31676133051541e+00
   1.96092271132417e+00
   1.11639522626093e+00
   1.85817722953713e+00
   8.01642450905705e-01
   1.43554691076435e+00
   1.88099422302904e+00
   1.55021353118531e+00
   1.74577348615167e+00
   6.19464210563994e-01
   3.30535391155146e+00
   1.68794199532777e+00
   2.86774194829835e+00
   3.98959891724837e+00
   1.73850126552553e+00
   1.22544139825079e+00
   1.24884919306897e+00
   1.65469008651406e+00
   1.46014704529754e+00
   8.88699518141038e-01
   5.33028210546504e-01
   1.71890634085354e+00
   1.33937267714997e+00
   9.49867193820058e-01
   1.38036718364597e+00
   2.22841850270013e+00
   9.79989459407537e-01
   1.29868606819463e+00
   7.55534962599775e-01
   1.89795908428417e+00
   1.44062228533704e+00
   7.23559828488967e-01
   3.76098387108011e+00
   1.97254885000875e+00
   1.04099308769110e+00
   8.51627431139669e-01
   2.54329735950519e+00
   2.74673579151111e+00
   2.64071048826387e+00
   3.06088237105859e+00
   4.73886925173690e-01
   4.17487174685392e-01
   1.03127545040794e+00
   9.05352536109153e-01
   1.38669695271115e+00
   1.81630063974176e+00
   9.92973308560277e-01
   9.72054199119978e-01
   3.18045512844198e+00
   9.01070710278615e-01
   2.72303836330030e+00
   1.65820160039585e+00
   1.29946448429079e+00
   8.18388530007076e-01
   1.13284143579796e+00
   2.38555035665365e+00
   1.52386692617777e+00
   1.03634818931086e+00
   2.26172272157093e+00
   9.81930494848699e-01
   2.14564480404720e+00
   7.55427292686196e-01
   2.02457636259430e+00
   9.10722499547671e-01
   1.72183514220786e+00
   1.53046603100128e+00
   1.45603428544148e+00
   1.81787944999392e+00
   1.34455110580456e+00
   1.54031301095587e+00
   1.97630321600146e+00
   8.88764201065607e-01
   1.16991630108337e+00
   5.77514999211651e-01
   2.12343492984485e+00
   5.84109281511466e-01
   6.49988742139603e-01
   4.30757549319884e-01
   9.23057555657865e-01
   1.08894668149003e+00
   2.81716965671495e+00
   1.59590261497730e+00
   7.83901235676703e-01
   3.37250130862890e-01
   2.57504799684518e+00
   1.69067771322885e+00
   1.75842480110824e+00
   1.46588555827954e+00
   2.10505840448658e+00
   1.83849928975519e+00
   9.55332697729877e-01
   1.26612989870423e+00
   2.68597428945717e+00
   2.41581473287687e+00
   7.32513895092559e-01
   4.43795860344901e-01
   5.92650701020493e-01
   1.35733090342589e+00
   4.40295435987391e-01
   8.64575991892467e-01
   2.24636925007786e+00
   1.08694196826097e+00
   1.08497285592500e+00
   1.36407088672194e+00
   7.75550421306456e-01
   2.12796273555852e+00
   6.72521027014736e-01
   2.00338712669867e+00
   3.96969909624389e-01
   2.95290841276703e+00
   1.69340669897220e+00
   2.59990043901152e+00
   2.15500812534715e+00
   1.85513346364449e+00
   2.01441809246721e+00
   1.31133277118525e+00
   7.07479144404318e-01
   2.98373970506738e+00
   1.40492548782962e+00
   5.87245619277426e-01
   1.68334535890464e+00
   1.28962341240507e+00
   1.78776724650360e+00
   1.42628885449795e+00
   1.71804803406063e+00
   7.92934460251473e-01
   1.21087072254515e+00
   1.28625678802698e+00
   1.51610780307866e+00
   1.56405338657351e+00
   7.53604049740278e-01
   3.47699736354326e+00
   1.54331203434456e+00
   2.73260209565389e+00
   3.99717101805331e+00
   1.71200501869983e+00
   1.55323639051159e+00
   1.46389062215415e+00
   1.87582345898258e+00
   1.32798542541606e+00
   1.37959179943355e+00
   5.72498412829833e-01
   1.74556915573719e+00
   1.13430703015269e+00
   1.17565004875764e+00
   1.39322393296054e+00
   1.59755363721004e+00
   1.03831766472734e+00
   1.09879023516930e+00
   7.68307648702173e-01
   2.18342439678017e+00
   1.21371352810235e+00
   9.54463942465366e-01
   3.45889674209479e+00
   2.04412666564221e+00
   1.09915040343567e+00
   9.56458393150321e-01
   2.54581569642813e+00
   2.67944005872719e+00
   2.29562752025629e+00
   2.50225096056664e+00
   5.01003653505385e-01
   4.37701028216856e-01
   6.15369097847076e-01
   8.90369923795819e-01
   1.26759318803123e+00
   1.52693061842869e+00
   2.05384829049862e+00
   1.73727919208853e+00
   2.54850741095814e+00
   8.82155485380395e-01
   1.58353410434536e+00
   1.88343136852034e+00
   1.07391990064172e+00
   1.61975628237037e+00
   1.02909455707276e+00
   1.50706921849594e+00
   7.67890901136067e-01
   9.78322032801598e-01
   1.52869544606287e+00
   1.11917602953802e+00
   1.23277174394527e+00
   8.29777593666730e-01
   2.15982337044300e+00
   1.05315940305699e+00
