   0.00000000000000e+00   0.00000000000000e+00   0.00000000000000e+00   0.00000000000000e+00   0.00000000000000e+00
   0.00000000000000e+00   0.00000000000000e+00   0.00000000000000e+00   0.00000000000000e+00   0.00000000000000e+00
   0.00000000000000e+00   0.00000000000000e+00   0.00000000000000e+00   0.00000000000000e+00   0.00000000000000e+00
   0.00000000000000e+00   0.00000000000000e+00   0.00000000000000e+00   0.00000000000000e+00   0.00000000000000e+00
   0.00000000000000e+00   0.00000000000000e+00   0.00000000000000e+00   0.00000000000000e+00   0.00000000000000e+00
   0.00000000000000e+00   0.00000000000000e+00   0.00000000000000e+00   0.00000000000000e+00   0.00000000000000e+00
   0.00000000000000e+00   0.00000000000000e+00   0.00000000000000e+00   0.00000000000000e+00   0.00000000000000e+00
   0.00000000000000e+00   0.00000000000000e+00   0.00000000000000e+00   0.00000000000000e+00   0.00000000000000e+00
   0.00000000000000e+00   0.00000000000000e+00   0.00000000000000e+00   0.00000000000000e+00   0.00000000000000e+00
   0.00000000000000e+00   0.00000000000000e+00   0.00000000000000e+00   0.00000000000000e+00   0.00000000000000e+00
   0.00000000000000e+00   0.00000000000000e+00   0.00000000000000e+00   0.00000000000000e+00   0.00000000000000e+00
   0.00000000000000e+00   0.00000000000000e+00   0.00000000000000e+00   0.00000000000000e+00   0.00000000000000e+00
   0.00000000000000e+00   0.00000000000000e+00   0.00000000000000e+00   0.00000000000000e+00   0.00000000000000e+00
   0.00000000000000e+00   0.00000000000000e+00   0.00000000000000e+00   0.00000000000000e+00   0.00000000000000e+00
   0.00000000000000e+00   0.00000000000000e+00   0.00000000000000e+00   0.00000000000000e+00   0.00000000000000e+00
   0.00000000000000e+00   0.00000000000000e+00   0.00000000000000e+00   0.00000000000000e+00   0.00000000000000e+00
   1.60000000000000e-01   1.75550459344098e+00   7.43570823427931e-01   4.28571428571429e-01   8.18181818181818e-01
   1.70000000000000e-01   1.67312361921871e+00   6.61385018471700e-01   2.85714285714286e-01   7.72727272727273e-01
   1.80000000000000e-01   1.34374012715390e+00   9.63654079732282e-01   7.14285714285714e-01   6.36363636363636e-01
   1.90000000000000e-01   1.56389897155418e+00   1.23825759359877e+00   4.28571428571429e-01   5.45454545454545e-01
   2.00000000000000e-01   1.29908561741793e+00   9.71540563169109e-01   7.14285714285714e-01   6.81818181818182e-01
   2.10000000000000e-01   1.48213723053108e+00   1.27499931810017e+00   2.85714285714286e-01   5.45454545454545e-01
   2.20000000000000e-01   1.52342310950625e+00   1.01505954129672e+00   5.71428571428571e-01   7.27272727272727e-01
   2.30000000000000e-01   1.48599156989357e+00   1.30180636632460e+00   5.71428571428571e-01   5.00000000000000e-01
   2.40000000000000e-01   1.64969005426865e+00   1.55323453645038e+00   5.71428571428571e-01   5.45454545454545e-01
   2.50000000000000e-01   1.58831449114541e+00   1.55968675809434e+00   5.71428571428571e-01   4.09090909090909e-01
   2.60000000000000e-01   1.58072050946303e+00   1.47483408264698e+00   5.71428571428571e-01   5.45454545454545e-01
   2.70000000000000e-01   1.73469002292745e+00   1.57382175661327e+00   1.42857142857143e-01   4.54545454545455e-01
   2.80000000000000e-01   1.46174259442144e+00   1.32990987888094e+00   5.71428571428571e-01   5.00000000000000e-01
   0.00000000000000e+00   0.00000000000000e+00   0.00000000000000e+00   0.00000000000000e+00   0.00000000000000e+00
   0.00000000000000e+00   0.00000000000000e+00   0.00000000000000e+00   0.00000000000000e+00   0.00000000000000e+00
