   0.00000000000000e+00   0.00000000000000e+00   0.00000000000000e+00   0.00000000000000e+00   0.00000000000000e+00
   0.00000000000000e+00   0.00000000000000e+00   0.00000000000000e+00   0.00000000000000e+00   0.00000000000000e+00
   0.00000000000000e+00   0.00000000000000e+00   0.00000000000000e+00   0.00000000000000e+00   0.00000000000000e+00
   1.50000000000000e-01   1.66424958707610e+00   7.89595942560900e-01   5.71428571428571e-01   8.18181818181818e-01
   2.00000000000000e-01   1.46380650460320e+00   9.12682157497305e-01   5.71428571428571e-01   8.18181818181818e-01
   2.50000000000000e-01   1.44416111334205e+00   1.04694291672983e+00   5.71428571428571e-01   6.81818181818182e-01
   3.00000000000000e-01   1.60837416063959e+00   1.21109970833269e+00   5.71428571428571e-01   6.36363636363636e-01
   3.50000000000000e-01   1.97170543693735e+00   1.74388220898902e+00   1.42857142857143e-01   3.18181818181818e-01
   4.00000000000000e-01   1.73742947974398e+00   1.40714721469704e+00   5.71428571428571e-01   5.00000000000000e-01
   4.50000000000000e-01   1.70029792623553e+00   1.59602010892727e+00   5.71428571428571e-01   4.54545454545455e-01
   5.00000000000000e-01   1.64579254402791e+00   1.65959427058130e+00   5.71428571428571e-01   4.09090909090909e-01
