   3.52014183054844e+00
   4.49022552893885e+00
   5.46086077903352e+00
   6.43204758083246e+00
   7.40378593433566e+00
   8.37607583954312e+00
   9.34891729645484e+00
   1.03223103050708e+01
   1.12962548653911e+01
   1.22707509774156e+01
   1.32457986411444e+01
   1.42213978565774e+01
   1.51975486237147e+01
   1.61742509425563e+01
   1.71515048131021e+01
   1.81293102353522e+01
   1.91076672093065e+01
   2.00865757349651e+01
   2.10660358123280e+01
   2.20460474413951e+01
   2.30266106221665e+01
   2.40077253546422e+01
   2.49893916388221e+01
   2.59716094747063e+01
   2.69543788622947e+01
   2.79376998015874e+01
   2.89215722925844e+01
   2.99059963352856e+01
   3.08909719296911e+01
   3.18764990758009e+01
   3.28625777736149e+01
   3.38492080231332e+01
   3.48363898243557e+01
   3.58241231772826e+01
   3.68124080819136e+01
   3.78012445382490e+01
   3.87906325462885e+01
   3.97805721060324e+01
   4.07710632174805e+01
   4.17621058806329e+01
   4.27537000954895e+01
   4.37458458620505e+01
   4.47385431803156e+01
   4.57317920502851e+01
   4.67255924719587e+01
   4.77199444453367e+01
   4.87148479704189e+01
   4.97103030472054e+01
   5.07063096756961e+01
   5.17028678558911e+01
   5.26999775877904e+01
   5.36976388713939e+01
   5.46958517067017e+01
   5.56946160937138e+01
   5.66939320324301e+01
   5.76937995228507e+01
   5.86942185649755e+01
   5.96951891588046e+01
   6.06967113043380e+01
   6.16987850015756e+01
   6.27014102505175e+01
   6.37045870511637e+01
   6.47083154035141e+01
   6.57125953075687e+01
   6.67174267633277e+01
   6.77228097707909e+01
   6.87287443299584e+01
   6.97352304408301e+01
   7.07422681034061e+01
   7.17498573176863e+01
   7.27579980836708e+01
   7.37666904013596e+01
   7.47759342707527e+01
   7.57857296918500e+01
   7.67960766646515e+01
   7.78069751891573e+01
   7.88184252653674e+01
   7.98304268932818e+01
   8.08429800729004e+01
   8.18560848042233e+01
   8.28697410872504e+01
   8.38839489219818e+01
   8.48987083084175e+01
   8.59140192465574e+01
   8.69298817364016e+01
   8.79462957779500e+01
   8.89632613712027e+01
   8.99807785161597e+01
   9.09988472128209e+01
   9.20174674611865e+01
   9.30366392612562e+01
   9.40563626130302e+01
   9.50766375165085e+01
   9.60974639716911e+01
   9.71188419785779e+01
   9.81407715371689e+01
   9.91632526474643e+01
   1.00186285309464e+02
   1.01209869523168e+02
   1.02234005288576e+02
