   1.70929706131101e+03
   3.92898198001775e+02
   1.47832270262860e+02
   8.88145033073685e+01
   6.52974176850470e+01
   5.09293074617868e+01
   4.05274361640949e+01
   3.26515531787285e+01
   2.66248438368808e+01
   2.20006381560142e+01
   1.84487836753287e+01
   1.57183252886928e+01
   1.36172964022201e+01
   1.19986474139130e+01
   1.07497010462220e+01
   9.78411200851250e+00
   9.03571232308645e+00
   8.45379602907599e+00
   7.99950595692327e+00
   7.64306487948409e+00
   7.36165369747691e+00
   7.13778545473494e+00
   6.95805931622165e+00
   6.81220571839720e+00
   6.69235465031152e+00
   6.59247492388911e+00
   6.50794447638791e+00
   6.43522108523215e+00
   6.37159003070149e+00
   6.31497072518300e+00
   6.26376852958905e+00
   6.21676119753469e+00
   6.17301185540661e+00
   6.13180231737566e+00
   6.09258198345219e+00
   6.05492867911478e+00
   6.01851864598727e+00
   5.98310354513301e+00
   5.94849283424721e+00
   5.91454026296674e+00
   5.88113352396931e+00
   5.84818632241239e+00
   5.81563229859063e+00
   5.78342037074874e+00
   5.75151116618584e+00
   5.71987428633778e+00
   5.68848621095199e+00
   5.65732869201100e+00
   5.62638752295935e+00
   5.59565159553241e+00
   5.56511217697999e+00
   5.53476235618255e+00
   5.50459661919291e+00
   5.47461052395923e+00
   5.44480045105244e+00
   5.41516341263727e+00
   5.38569690607655e+00
   5.35639880173881e+00
   5.32726725701646e+00
   5.29830065042978e+00
   5.26949753112310e+00
   5.24085658015607e+00
   5.21237658083413e+00
   5.18405639596567e+00
   5.15589495042731e+00
   5.12789121779705e+00
   5.10004421010461e+00
   5.07235296997061e+00
   5.04481656457638e+00
   5.01743408103674e+00
   4.99020462284778e+00
   4.96312730715859e+00
   4.93620126267445e+00
   4.90942562804378e+00
   4.88279955061605e+00
   4.85632218548390e+00
   4.82999269474303e+00
   4.80381024691916e+00
   4.77777401652286e+00
   4.75188318370260e+00
   4.72613693397295e+00
   4.70053445800042e+00
   4.67507495143364e+00
   4.64975761476738e+00
   4.62458165323261e+00
   4.59954627670652e+00
   4.57465069963798e+00
   4.54989414098465e+00
   4.52527582415928e+00
   4.50079497698288e+00
   4.47645083164336e+00
   4.45224262465828e+00
   4.42816959684081e+00
   4.40423099326817e+00
   4.38042606325209e+00
   4.35675406031067e+00
   4.33321424214150e+00
   4.30980587059578e+00
   4.28652821165304e+00
   4.26338053539663e+00
   4.24036211598959e+00
   4.21747223165098e+00
   4.19471016463256e+00
   4.17207520119574e+00
   4.14956663158874e+00
   4.12718375002410e+00
   4.10492585465624e+00
   4.08279224755927e+00
   4.06078223470502e+00
   4.03889512594110e+00
   4.01713023496921e+00
   3.99548687932356e+00
   3.97396438034940e+00
   3.95256206318173e+00
   3.93127925672407e+00
   3.91011529362745e+00
   3.88906951026941e+00
   3.86814124673322e+00
   3.84732984678715e+00
   3.82663465786391e+00
   3.80605503104017e+00
   3.78559032101619e+00
   3.76523988609561e+00
   3.74500308816533e+00
   3.72487929267547e+00
   3.70486786861947e+00
   3.68496818851436e+00
   3.66517962838102e+00
   3.64550156772463e+00
   3.62593338951523e+00
   3.60647448016836e+00
   3.58712422952582e+00
   3.56788203083654e+00
   3.54874728073755e+00
   3.52971937923507e+00
   3.51079772968569e+00
   3.49198173877765e+00
   3.47327081651227e+00
   3.45466437618541e+00
   3.43616183436909e+00
   3.41776261089320e+00
   3.39946612882732e+00
   3.38127181446259e+00
   3.36317909729375e+00
   3.34518741000126e+00
   3.32729618843349e+00
   3.30950487158903e+00
   3.29181290159912e+00
   3.27421972371012e+00
   3.25672478626617e+00
   3.23932754069183e+00
   3.22202744147494e+00
   3.20482394614945e+00
   3.18771651527848e+00
   3.17070461243734e+00
   3.15378770419677e+00
   3.13696526010614e+00
   3.12023675267692e+00
   3.10360165736602e+00
   3.08705945255943e+00
   3.07060961955586e+00
   3.05425164255040e+00
   3.03798500861844e+00
   3.02180920769954e+00
   3.00572373258142e+00
   2.98972807888410e+00
   2.97382174504405e+00
   2.95800423229848e+00
   2.94227504466968e+00
   2.92663368894952e+00
   2.91107967468391e+00
   2.89561251415747e+00
   2.88023172237824e+00
   2.86493681706244e+00
   2.84972731861939e+00
   2.83460275013643e+00
   2.81956263736398e+00
   2.80460650870069e+00
   2.78973389517862e+00
   2.77494433044857e+00
   2.76023735076541e+00
   2.74561249497360e+00
   2.73106930449267e+00
   2.71660732330287e+00
   2.70222609793088e+00
   2.68792517743557e+00
   2.67370411339387e+00
   2.65956245988672e+00
   2.64549977348505e+00
   2.63151561323592e+00
   2.61760954064866e+00
   2.60378111968118e+00
   2.59002991672618e+00
   2.57635550059769e+00
   2.56275744251745e+00
   2.54923531610151e+00
   2.53578869734686e+00
   2.52241716461812e+00
   2.50912029863432e+00
   2.49589768245577e+00
   2.48274890147096e+00
   2.46967354338359e+00
   2.45667119819961e+00
   2.44374145821439e+00
   2.43088391799993e+00
   2.41809817439213e+00
   2.40538382647817e+00
   2.39274047558392e+00
   2.38016772526148e+00
   2.36766518127667e+00
   2.35523245159676e+00
   2.34286914637812e+00
   2.33057487795399e+00
   2.31834926082237e+00
   2.30619191163391e+00
   2.29410244917986e+00
   2.28208049438015e+00
   2.27012567027151e+00
   2.25823760199563e+00
   2.24641591678741e+00
   2.23466024396327e+00
   2.22297021490954e+00
   2.21134546307087e+00
   2.19978562393878e+00
   2.18829033504020e+00
   2.17685923592612e+00
   2.16549196816027e+00
   2.15418817530789e+00
   2.14294750292457e+00
   2.13176959854510e+00
   2.12065411167245e+00
   2.10960069376677e+00
   2.09860899823444e+00
   2.08767868041726e+00
   2.07680939758157e+00
   2.06600080890754e+00
   2.05525257547851e+00
   2.04456436027030e+00
   2.03393582814068e+00
   2.02336664581889e+00
   2.01285648189510e+00
   2.00240500681014e+00
   1.99201189284504e+00
   1.98167681411085e+00
   1.97139944653840e+00
   1.96117946786808e+00
   1.95101655763981e+00
   1.94091039718296e+00
   1.93086066960636e+00
   1.92086705978836e+00
   1.91092925436693e+00
   1.90104694172990e+00
   1.89121981200512e+00
   1.88144755705074e+00
   1.87172987044565e+00
   1.86206644747972e+00
   1.85245698514438e+00
   1.84290118212302e+00
   1.83339873878163e+00
   1.82394935715930e+00
   1.81455274095900e+00
   1.80520859553818e+00
   1.79591662789959e+00
   1.78667654668209e+00
   1.77748806215148e+00
   1.76835088619146e+00
   1.75926473229456e+00
   1.75022931555317e+00
   1.74124435265062e+00
   1.73230956185227e+00
   1.72342466299669e+00
   1.71458937748688e+00
   1.70580342828151e+00
   1.69706653988628e+00
   1.68837843834522e+00
   1.67973885123217e+00
   1.67114750764217e+00
   1.66260413818299e+00
   1.65410847496672e+00
   1.64566025160132e+00
   1.63725920318227e+00
   1.62890506628431e+00
   1.62059757895314e+00
   1.61233648069719e+00
   1.60412151247950e+00
   1.59595241670958e+00
   1.58782893723531e+00
   1.57975081933493e+00
   1.57171780970907e+00
   1.56372965647274e+00
   1.55578610914751e+00
   1.54788691865364e+00
   1.54003183730221e+00
   1.53222061878742e+00
   1.52445301817885e+00
   1.51672879191376e+00
   1.50904769778949e+00
   1.50140949495579e+00
   1.49381394390737e+00
   1.48626080647633e+00
   1.47874984582468e+00
   1.47128082643695e+00
   1.46385351411280e+00
   1.45646767595965e+00
   1.44912308038540e+00
   1.44181949709116e+00
   1.43455669706403e+00
   1.42733445256994e+00
   1.42015253714644e+00
   1.41301072559571e+00
   1.40590879397739e+00
   1.39884651960162e+00
   1.39182368102205e+00
   1.38484005802888e+00
   1.37789543164196e+00
   1.37098958410393e+00
   1.36412229887340e+00
   1.35729336061812e+00
   1.35050255520830e+00
   1.34374966970981e+00
   1.33703449237757e+00
   1.33035681264888e+00
   1.32371642113682e+00
   1.31711310962370e+00
   1.31054667105450e+00
   1.30401689953043e+00
   1.29752359030239e+00
   1.29106653976465e+00
   1.28464554544839e+00
   1.27826040601538e+00
   1.27191092125167e+00
   1.26559689206131e+00
   1.25931812046008e+00
   1.25307440956933e+00
   1.24686556360978e+00
   1.24069138789537e+00
   1.23455168882719e+00
   1.22844627388735e+00
   1.22237495163303e+00
   1.21633753169039e+00
   1.21033382474865e+00
   1.20436364255414e+00
   1.19842679790443e+00
   1.19252310464238e+00
   1.18665237765039e+00
   1.18081443284455e+00
   1.17500908716885e+00
   1.16923615858952e+00
   1.16349546608922e+00
   1.15778682966142e+00
   1.15211007030477e+00
   1.14646501001745e+00
   1.14085147179160e+00
   1.13526927960778e+00
   1.12971825842944e+00
   1.12419823419745e+00
   1.11870903382461e+00
   1.11325048519023e+00
   1.10782241713478e+00
   1.10242465945445e+00
   1.09705704289588e+00
   1.09171939915079e+00
   1.08641156085077e+00
   1.08113336156196e+00
   1.07588463577990e+00
   1.07066521892428e+00
   1.06547494733383e+00
   1.06031365826117e+00
   1.05518118986767e+00
   1.05007738121843e+00
   1.04500207227723e+00
   1.03995510390145e+00
   1.03493631783717e+00
   1.02994555671412e+00
   1.02498266404082e+00
   1.02004748419961e+00
   1.01513986244183e+00
   1.01025964488292e+00
   1.00540667849761e+00
   1.00058081111514e+00
   9.95781891414448e-01
   9.91009768919477e-01
   9.86264293994414e-01
   9.81545317839017e-01
   9.76852692483945e-01
   9.72186270786123e-01
   9.67545906424117e-01
   9.62931453893560e-01
   9.58342768502574e-01
   9.53779706367252e-01
   9.49242124407134e-01
   9.44729880340712e-01
   9.40242832680987e-01
   9.35780840731029e-01
   9.31343764579552e-01
   9.26931465096542e-01
   9.22543803928883e-01
   9.18180643496024e-01
   9.13841846985677e-01
   9.09527278349495e-01
   9.05236802298843e-01
   9.00970284300524e-01
   8.96727590572594e-01
   8.92508588080128e-01
   8.88313144531084e-01
   8.84141128372140e-01
   8.79992408784554e-01
   8.75866855680092e-01
   8.71764339696925e-01
   8.67684732195590e-01
   8.63627905254937e-01
   8.59593731668138e-01
   8.55582084938681e-01
   8.51592839276421e-01
   8.47625869593618e-01
   8.43681051501026e-01
   8.39758261303988e-01
   8.35857375998563e-01
   8.31978273267661e-01
   8.28120831477213e-01
   8.24284929672357e-01
   8.20470447573638e-01
   8.16677265573253e-01
   8.12905264731274e-01
   8.09154326771956e-01
   8.05424334079989e-01
   8.01715169696834e-01
   7.98026717317049e-01
   7.94358861284647e-01
   7.90711486589451e-01
   7.87084478863519e-01
   7.83477724377533e-01
   7.79891110037240e-01
   7.76324523379902e-01
   7.72777852570783e-01
   7.69250986399626e-01
   7.65743814277175e-01
   7.62256226231711e-01
   7.58788112905583e-01
   7.55339365551813e-01
   7.51909876030653e-01
   7.48499536806212e-01
   7.45108240943082e-01
   7.41735882102984e-01
   7.38382354541427e-01
   7.35047553104408e-01
   7.31731373225093e-01
   7.28433710920561e-01
   7.25154462788523e-01
   7.21893526004097e-01
   7.18650798316566e-01
   7.15426178046199e-01
   7.12219564081027e-01
   7.09030855873699e-01
   7.05859953438323e-01
   7.02706757347331e-01
   6.99571168728347e-01
   6.96453089261112e-01
   6.93352421174384e-01
   6.90269067242875e-01
   6.87202930784205e-01
   6.84153915655870e-01
   6.81121926252224e-01
   6.78106867501481e-01
   6.75108644862751e-01
   6.72127164323041e-01
   6.69162332394346e-01
   6.66214056110681e-01
   6.63282243025198e-01
   6.60366801207267e-01
   6.57467639239598e-01
   6.54584666215379e-01
   6.51717791735423e-01
   6.48866925905329e-01
   6.46031979332668e-01
   6.43212863124182e-01
   6.40409488882993e-01
   6.37621768705827e-01
   6.34849615180267e-01
   6.32092941382010e-01
   6.29351660872134e-01
   6.26625687694393e-01
   6.23914936372525e-01
   6.21219321907564e-01
   6.18538759775180e-01
   6.15873165923033e-01
   6.13222456768123e-01
   6.10586549194184e-01
   6.07965360549070e-01
   6.05358808642164e-01
   6.02766811741808e-01
   6.00189288572723e-01
   5.97626158313488e-01
   5.95077340593971e-01
   5.92542755492843e-01
   5.90022323535044e-01
   5.87515965689315e-01
   5.85023603365698e-01
   5.82545158413090e-01
   5.80080553116778e-01
   5.77629710196014e-01
   5.75192552801580e-01
   5.72769004513392e-01
   5.70358989338090e-01
   5.67962431706666e-01
   5.65579256472086e-01
   5.63209388906945e-01
   5.60852754701103e-01
   5.58509279959381e-01
   5.56178891199230e-01
   5.53861515348419e-01
   5.51557079742762e-01
   5.49265512123827e-01
   5.46986740636674e-01
   5.44720693827600e-01
   5.42467300641905e-01
   5.40226490421652e-01
   5.37998192903465e-01
   5.35782338216313e-01
   5.33578856879333e-01
   5.31387679799635e-01
   5.29208738270150e-01
   5.27041963967469e-01
   5.24887288949702e-01
   5.22744645654345e-01
   5.20613966896165e-01
   5.18495185865089e-01
   5.16388236124116e-01
   5.14293051607229e-01
   5.12209566617324e-01
   5.10137715824147e-01
   5.08077434262250e-01
   5.06028657328958e-01
   5.03991320782330e-01
   5.01965360739156e-01
   4.99950713672954e-01
   4.97947316411967e-01
   4.95955106137196e-01
   4.93974020380418e-01
   4.92003997022239e-01
   4.90044974290134e-01
   4.88096890756526e-01
   4.86159685336837e-01
   4.84233297287597e-01
   4.82317666204520e-01
   4.80412732020626e-01
   4.78518435004339e-01
   4.76634715757635e-01
   4.74761515214164e-01
   4.72898774637402e-01
   4.71046435618814e-01
   4.69204440076014e-01
   4.67372730250955e-01
   4.65551248708104e-01
   4.63739938332651e-01
   4.61938742328721e-01
   4.60147604217580e-01
   4.58366467835874e-01
   4.56595277333870e-01
   4.54833977173694e-01
   4.53082512127598e-01
   4.51340827276229e-01
   4.49608868006900e-01
   4.47886580011884e-01
   4.46173909286712e-01
   4.44470802128468e-01
   4.42777205134120e-01
   4.41093065198839e-01
   4.39418329514328e-01
   4.37752945567184e-01
   4.36096861137221e-01
   4.34450024295867e-01
   4.32812383404513e-01
   4.31183887112903e-01
   4.29564484357517e-01
   4.27954124359976e-01
   4.26352756625449e-01
   4.24760330941069e-01
   4.23176797374356e-01
   4.21602106271656e-01
   4.20036208256576e-01
   4.18479054228449e-01
   4.16930595360780e-01
   4.15390783099724e-01
   4.13859569162564e-01
   4.12336905536185e-01
   4.10822744475590e-01
   4.09317038502381e-01
   4.07819740403284e-01
   4.06330803228661e-01
   4.04850180291048e-01
   4.03377825163674e-01
   4.01913691679024e-01
   4.00457733927379e-01
   3.99009906255382e-01
   3.97570163264602e-01
   3.96138459810115e-01
   3.94714750999089e-01
   3.93298992189370e-01
   3.91891138988085e-01
   3.90491147250258e-01
   3.89098973077411e-01
   3.87714572816201e-01
   3.86337903057044e-01
   3.84968920632755e-01
   3.83607582617195e-01
   3.82253846323922e-01
   3.80907669304863e-01
   3.79569009348967e-01
   3.78237824480896e-01
   3.76914072959700e-01
   3.75597713277510e-01
   3.74288704158237e-01
   3.72987004556284e-01
   3.71692573655243e-01
   3.70405370866635e-01
   3.69125355828620e-01
   3.67852488404740e-01
   3.66586728682665e-01
   3.65328036972930e-01
   3.64076373807697e-01
   3.62831699939517e-01
   3.61593976340103e-01
   3.60363164199095e-01
   3.59139224922858e-01
   3.57922120133260e-01
   3.56711811666469e-01
   3.55508261571771e-01
   3.54311432110357e-01
   3.53121285754162e-01
   3.51937785184670e-01
   3.50760893291757e-01
   3.49590573172520e-01
   3.48426788130123e-01
   3.47269501672641e-01
   3.46118677511930e-01
   3.44974279562473e-01
   3.43836271940252e-01
   3.42704618961631e-01
   3.41579285142228e-01
   3.40460235195810e-01
   3.39347434033180e-01
   3.38240846761078e-01
   3.37140438681093e-01
   3.36046175288562e-01
   3.34958022271507e-01
   3.33875945509539e-01
   3.32799911072805e-01
   3.31729885220909e-01
   3.30665834401866e-01
   3.29607725251049e-01
   3.28555524590131e-01
   3.27509199426061e-01
   3.26468716950014e-01
   3.25434044536377e-01
   3.24405149741714e-01
   3.23382000303756e-01
   3.22364564140382e-01
   3.21352809348626e-01
   3.20346704203660e-01
   3.19346217157816e-01
   3.18351316839580e-01
   3.17361972052621e-01
   3.16378151774808e-01
   3.15399825157241e-01
   3.14426961523273e-01
   3.13459530367565e-01
   3.12497501355112e-01
   3.11540844320305e-01
   3.10589529265977e-01
   3.09643526362466e-01
   3.08702805946680e-01
   3.07767338521168e-01
   3.06837094753189e-01
   3.05912045473798e-01
   3.04992161676928e-01
   3.04077414518485e-01
   3.03167775315436e-01
   3.02263215544925e-01
   3.01363706843353e-01
   3.00469221005514e-01
   2.99579729983698e-01
   2.98695205886809e-01
   2.97815620979503e-01
   2.96940947681304e-01
   2.96071158565749e-01
   2.95206226359521e-01
   2.94346123941602e-01
   2.93490824342416e-01
   2.92640300742981e-01
   2.91794526474081e-01
   2.90953475015415e-01
   2.90117119994773e-01
   2.89285435187208e-01
   2.88458394514212e-01
   2.87635972042903e-01
   2.86818141985205e-01
   2.86004878697042e-01
   2.85196156677540e-01
   2.84391950568216e-01
   2.83592235152194e-01
   2.82796985353405e-01
   2.82006176235807e-01
   2.81219783002603e-01
   2.80437780995456e-01
   2.79660145693728e-01
   2.78886852713701e-01
   2.78117877807814e-01
   2.77353196863910e-01
   2.76592785904468e-01
   2.75836621085861e-01
   2.75084678697607e-01
   2.74336935161621e-01
   2.73593367031476e-01
   2.72853950991677e-01
   2.72118663856915e-01
   2.71387482571352e-01
   2.70660384207895e-01
   2.69937345967472e-01
   2.69218345178327e-01
   2.68503359295296e-01
   2.67792365899116e-01
   2.67085342695705e-01
   2.66382267515477e-01
   2.65683118312639e-01
   2.64987873164501e-01
   2.64296510270791e-01
   2.63609007952971e-01
   2.62925344653552e-01
   2.62245498935426e-01
   2.61569449481190e-01
   2.60897175092474e-01
   2.60228654689283e-01
   2.59563867309334e-01
   2.58902792107392e-01
   2.58245408354629e-01
   2.57591695437960e-01
   2.56941632859409e-01
   2.56295200235460e-01
   2.55652377296417e-01
   2.55013143885771e-01
   2.54377479959564e-01
   2.53745365585769e-01
   2.53116780943659e-01
   2.52491706323181e-01
   2.51870122124347e-01
   2.51252008856615e-01
   2.50637347138280e-01
   2.50026117695862e-01
   2.49418301363502e-01
   2.48813879082369e-01
   2.48212831900055e-01
   2.47615140969979e-01
   2.47020787550804e-01
   2.46429753005841e-01
   2.45842018802471e-01
   2.45257566511559e-01
   2.44676377806881e-01
   2.44098434464545e-01
   2.43523718362422e-01
   2.42952211479578e-01
   2.42383895895706e-01
   2.41818753790567e-01
   2.41256767443432e-01
   2.40697919232521e-01
   2.40142191634458e-01
   2.39589567223716e-01
   2.39040028672072e-01
   2.38493558748064e-01
   2.37950140316452e-01
   2.37409756337677e-01
   2.36872389867331e-01
   2.36338024055623e-01
   2.35806642146849e-01
   2.35278227478876e-01
   2.34752763482604e-01
   2.34230233681460e-01
   2.33710621690874e-01
   2.33193911217772e-01
   2.32680086060054e-01
   2.32169130106097e-01
   2.31661027334244e-01
   2.31155761812305e-01
   2.30653317697053e-01
   2.30153679233730e-01
   2.29656830755554e-01
   2.29162756683226e-01
   2.28671441524441e-01
   2.28182869873404e-01
   2.27697026410346e-01
   2.27213895901045e-01
   2.26733463196343e-01
   2.26255713231681e-01
   2.25780631026614e-01
   2.25308201684353e-01
   2.24838410391293e-01
   2.24371242416542e-01
   2.23906683111471e-01
   2.23444717909251e-01
   2.22985332324387e-01
   2.22528511952279e-01
   2.22074242468755e-01
   2.21622509629634e-01
   2.21173299270275e-01
   2.20726597305129e-01
   2.20282389727305e-01
   2.19840662608122e-01
   2.19401402096680e-01
   2.18964594419424e-01
   2.18530225879705e-01
   2.18098282857362e-01
   2.17668751808285e-01
   2.17241619263997e-01
   2.16816871831229e-01
   2.16394496191498e-01
   2.15974479100693e-01
   2.15556807388660e-01
   2.15141467958782e-01
   2.14728447787579e-01
   2.14317733924294e-01
   2.13909313490481e-01
   2.13503173679614e-01
   2.13099301756678e-01
   2.12697685057764e-01
   2.12298310989688e-01
   2.11901167029578e-01
   2.11506240724498e-01
   2.11113519691038e-01
   2.10722991614950e-01
   2.10334644250739e-01
   2.09948465421294e-01
   2.09564443017500e-01
   2.09182564997858e-01
   2.08802819388110e-01
   2.08425194280862e-01
   2.08049677835212e-01
   2.07676258276377e-01
   2.07304923895323e-01
   2.06935663048402e-01
   2.06568464156983e-01
   2.06203315707090e-01
   2.05840206249040e-01
   2.05479124397087e-01
   2.05120058829064e-01
   2.04762998286024e-01
   2.04407931571892e-01
   2.04054847553110e-01
   2.03703735158293e-01
   2.03354583377878e-01
   2.03007381263777e-01
   2.02662117929038e-01
   2.02318782547502e-01
   2.01977364353463e-01
   2.01637852641332e-01
   2.01300236765296e-01
   2.00964506138993e-01
   2.00630650235175e-01
   2.00298658585374e-01
   1.99968520779582e-01
   1.99640226465919e-01
   1.99313765350311e-01
   1.98989127196164e-01
   1.98666301824048e-01
   1.98345279111375e-01
   1.98026048992077e-01
   1.97708601456301e-01
   1.97392926550085e-01
   1.97079014375054e-01
   1.96766855088099e-01
   1.96456438901083e-01
   1.96147756080520e-01
   1.95840796947277e-01
   1.95535551876273e-01
   1.95232011296169e-01
   1.94930165689075e-01
   1.94630005590248e-01
   1.94331521587796e-01
   1.94034704322384e-01
   1.93739544486940e-01
   1.93446032826361e-01
   1.93154160137225e-01
   1.92863917267503e-01
   1.92575295116270e-01
   1.92288284633422e-01
   1.92002876819389e-01
   1.91719062724857e-01
   1.91436833450481e-01
   1.91156180146615e-01
   1.90877094013027e-01
   1.90599566298625e-01
   1.90323588301185e-01
   1.90049151367073e-01
   1.89776246890981e-01
   1.89504866315650e-01
   1.89235001131607e-01
   1.88966642876896e-01
   1.88699783136808e-01
   1.88434413543630e-01
   1.88170525776367e-01
   1.87908111560492e-01
   1.87647162667682e-01
   1.87387670915562e-01
   1.87129628167447e-01
   1.86873026332085e-01
   1.86617857363410e-01
   1.86364113260283e-01
   1.86111786066243e-01
   1.85860867869258e-01
   1.85611350801477e-01
   1.85363227038985e-01
   1.85116488801553e-01
   1.84871128352398e-01
   1.84627137997938e-01
   1.84384510087557e-01
   1.84143237013354e-01
   1.83903311209913e-01
   1.83664725154063e-01
   1.83427471364643e-01
   1.83191542402270e-01
   1.82956930869094e-01
   1.82723629408582e-01
   1.82491630705280e-01
   1.82260927484579e-01
   1.82031512512494e-01
   1.81803378595436e-01
   1.81576518579982e-01
   1.81350925352655e-01
   1.81126591839701e-01
   1.80903511006865e-01
   1.80681675859172e-01
   1.80461079440704e-01
   1.80241714834389e-01
   1.80023575161778e-01
   1.79806653582831e-01
   1.79590943295704e-01
   1.79376437536532e-01
   1.79163129579224e-01
   1.78951012735243e-01
   1.78740080353403e-01
   1.78530325819658e-01
   1.78321742556895e-01
   1.78114324024729e-01
   1.77908063719292e-01
   1.77702955173039e-01
   1.77498991954539e-01
   1.77296167668269e-01
   1.77094475954424e-01
   1.76893910488711e-01
   1.76694464982152e-01
   1.76496133180885e-01
   1.76298908865971e-01
   1.76102785853198e-01
   1.75907757992886e-01
   1.75713819169694e-01
   1.75520963302432e-01
   1.75329184343863e-01
   1.75138476280522e-01
   1.74948833132521e-01
   1.74760248953366e-01
   1.74572717829762e-01
   1.74386233881443e-01
   1.74200791260973e-01
   1.74016384153568e-01
   1.73833006776914e-01
   1.73650653380989e-01
   1.73469318247874e-01
   1.73288995691583e-01
   1.73109680057878e-01
   1.72931365724096e-01
   1.72754047098969e-01
   1.72577718622453e-01
   1.72402374765550e-01
   1.72228010030137e-01
   1.72054618948791e-01
   1.71882196084620e-01
   1.71710736031092e-01
   1.71540233411864e-01
   1.71370682880616e-01
   1.71202079120881e-01
   1.71034416845879e-01
   1.70867690798352e-01
   1.70701895750399e-01
   1.70537026503311e-01
   1.70373077887407e-01
   1.70210044761875e-01
   1.70047922014612e-01
   1.69886704562057e-01
   1.69726387349038e-01
   1.69566965348608e-01
   1.69408433561896e-01
   1.69250787017939e-01
   1.69094020773535e-01
   1.68938129913086e-01
   1.68783109548439e-01
   1.68628954818738e-01
   1.68475660890274e-01
   1.68323222956323e-01
   1.68171636237005e-01
   1.68020895979133e-01
   1.67870997456057e-01
