   0.00000000000000e+00   2.82000000000000e+00
   1.00000000000000e+00   4.34000000000000e+00
   2.00000000000000e+00   4.68000000000000e+00
   3.00000000000000e+00   5.00000000000000e+00
   4.00000000000000e+00   7.38000000000000e+00
   5.00000000000000e+00   7.48000000000000e+00
   6.00000000000000e+00   9.56000000000000e+00
   7.00000000000000e+00   1.01600000000000e+01
   8.00000000000000e+00   1.12400000000000e+01
   9.00000000000000e+00   1.22800000000000e+01
   1.00000000000000e+01   1.21000000000000e+01
   1.10000000000000e+01   1.39000000000000e+01
   1.20000000000000e+01   1.56200000000000e+01
   1.30000000000000e+01   1.55400000000000e+01
   1.40000000000000e+01   1.72200000000000e+01
   1.50000000000000e+01   1.88200000000000e+01
   1.60000000000000e+01   1.99000000000000e+01
   1.70000000000000e+01   1.98400000000000e+01
   1.80000000000000e+01   2.05400000000000e+01
   1.90000000000000e+01   2.17200000000000e+01
   2.00000000000000e+01   2.38200000000000e+01
   2.10000000000000e+01   2.30800000000000e+01
   2.20000000000000e+01   2.40400000000000e+01
   2.30000000000000e+01   2.60600000000000e+01
   2.40000000000000e+01   2.78400000000000e+01
   2.50000000000000e+01   2.86400000000000e+01
   2.60000000000000e+01   2.84200000000000e+01
   2.70000000000000e+01   2.93200000000000e+01
   2.80000000000000e+01   3.03600000000000e+01
   2.90000000000000e+01   3.29000000000000e+01
   3.00000000000000e+01   3.29400000000000e+01
   3.10000000000000e+01   3.35200000000000e+01
   3.20000000000000e+01   3.54200000000000e+01
   3.30000000000000e+01   3.57600000000000e+01
   3.40000000000000e+01   3.73800000000000e+01
   3.50000000000000e+01   3.72400000000000e+01
   3.60000000000000e+01   3.93400000000000e+01
   3.70000000000000e+01   4.09800000000000e+01
   3.80000000000000e+01   4.07000000000000e+01
   3.90000000000000e+01   4.28800000000000e+01
   4.00000000000000e+01   4.20600000000000e+01
   4.10000000000000e+01   4.32200000000000e+01
   4.20000000000000e+01   4.44400000000000e+01
   4.30000000000000e+01   4.56600000000000e+01
   4.40000000000000e+01   4.74600000000000e+01
   4.50000000000000e+01   4.82800000000000e+01
   4.60000000000000e+01   4.88200000000000e+01
   4.70000000000000e+01   4.92200000000000e+01
   4.80000000000000e+01   5.10600000000000e+01
   4.90000000000000e+01   5.23600000000000e+01
   5.00000000000000e+01   5.29400000000000e+01
   5.10000000000000e+01   5.38800000000000e+01
   5.20000000000000e+01   5.52400000000000e+01
   5.30000000000000e+01   5.61400000000000e+01
   5.40000000000000e+01   5.67400000000000e+01
   5.50000000000000e+01   5.81800000000000e+01
   5.60000000000000e+01   5.84600000000000e+01
   5.70000000000000e+01   5.98200000000000e+01
   5.80000000000000e+01   6.05800000000000e+01
   5.90000000000000e+01   6.25600000000000e+01
   6.00000000000000e+01   6.23200000000000e+01
   6.10000000000000e+01   6.37000000000000e+01
   6.20000000000000e+01   6.58000000000000e+01
   6.30000000000000e+01   6.58400000000000e+01
   6.40000000000000e+01   6.77600000000000e+01
   6.50000000000000e+01   6.71200000000000e+01
   6.60000000000000e+01   6.88000000000000e+01
   6.70000000000000e+01   6.98400000000000e+01
   6.80000000000000e+01   7.12800000000000e+01
   6.90000000000000e+01   7.19600000000000e+01
   7.00000000000000e+01   7.29200000000000e+01
   7.10000000000000e+01   7.31000000000000e+01
   7.20000000000000e+01   7.58000000000000e+01
   7.30000000000000e+01   7.55800000000000e+01
   7.40000000000000e+01   7.74000000000000e+01
   7.50000000000000e+01   7.80000000000000e+01
   7.60000000000000e+01   7.81200000000000e+01
   7.70000000000000e+01   7.90200000000000e+01
   7.80000000000000e+01   8.18600000000000e+01
   7.90000000000000e+01   8.19600000000000e+01
   8.00000000000000e+01   8.25800000000000e+01
   8.10000000000000e+01   8.34600000000000e+01
   8.20000000000000e+01   8.56800000000000e+01
   8.30000000000000e+01   8.60800000000000e+01
   8.40000000000000e+01   8.71200000000000e+01
   8.50000000000000e+01   8.78000000000000e+01
   8.60000000000000e+01   8.93200000000000e+01
   8.70000000000000e+01   9.05200000000000e+01
   8.80000000000000e+01   9.06200000000000e+01
   8.90000000000000e+01   9.11600000000000e+01
   9.00000000000000e+01   9.28800000000000e+01
   9.10000000000000e+01   9.37800000000000e+01
   9.20000000000000e+01   9.45200000000000e+01
   9.30000000000000e+01   9.54600000000000e+01
   9.40000000000000e+01   9.67400000000000e+01
   9.50000000000000e+01   9.77600000000000e+01
   9.60000000000000e+01   9.83600000000000e+01
   9.70000000000000e+01   1.00640000000000e+02
   9.80000000000000e+01   1.00580000000000e+02
   9.90000000000000e+01   1.01820000000000e+02
