   2.82000000000000e+00
   4.34000000000000e+00
   4.68000000000000e+00
   5.00000000000000e+00
   7.38000000000000e+00
   7.48000000000000e+00
   9.56000000000000e+00
   1.01600000000000e+01
   1.12400000000000e+01
   1.22800000000000e+01
   1.21000000000000e+01
   1.39000000000000e+01
   1.56200000000000e+01
   1.55400000000000e+01
   1.72200000000000e+01
   1.88200000000000e+01
   1.99000000000000e+01
   1.98400000000000e+01
   2.05400000000000e+01
   2.17200000000000e+01
   2.38200000000000e+01
   2.30800000000000e+01
   2.40400000000000e+01
   2.60600000000000e+01
   2.78400000000000e+01
   2.86400000000000e+01
   2.84200000000000e+01
   2.93200000000000e+01
   3.03600000000000e+01
   3.29000000000000e+01
   3.29400000000000e+01
   3.35200000000000e+01
   3.54200000000000e+01
   3.57600000000000e+01
   3.73800000000000e+01
   3.72400000000000e+01
   3.93400000000000e+01
   4.09800000000000e+01
   4.07000000000000e+01
   4.28800000000000e+01
   4.20600000000000e+01
   4.32200000000000e+01
   4.44400000000000e+01
   4.56600000000000e+01
   4.74600000000000e+01
   4.82800000000000e+01
   4.88200000000000e+01
   4.92200000000000e+01
   5.10600000000000e+01
   5.23600000000000e+01
   5.29400000000000e+01
   5.38800000000000e+01
   5.52400000000000e+01
   5.61400000000000e+01
   5.67400000000000e+01
   5.81800000000000e+01
   5.84600000000000e+01
   5.98200000000000e+01
   6.05800000000000e+01
   6.25600000000000e+01
   6.23200000000000e+01
   6.37000000000000e+01
   6.58000000000000e+01
   6.58400000000000e+01
   6.77600000000000e+01
   6.71200000000000e+01
   6.88000000000000e+01
   6.98400000000000e+01
   7.12800000000000e+01
   7.19600000000000e+01
   7.29200000000000e+01
   7.31000000000000e+01
   7.58000000000000e+01
   7.55800000000000e+01
   7.74000000000000e+01
   7.80000000000000e+01
   7.81200000000000e+01
   7.90200000000000e+01
   8.18600000000000e+01
   8.19600000000000e+01
   8.25800000000000e+01
   8.34600000000000e+01
   8.56800000000000e+01
   8.60800000000000e+01
   8.71200000000000e+01
   8.78000000000000e+01
   8.93200000000000e+01
   9.05200000000000e+01
   9.06200000000000e+01
   9.11600000000000e+01
   9.28800000000000e+01
   9.37800000000000e+01
   9.45200000000000e+01
   9.54600000000000e+01
   9.67400000000000e+01
   9.77600000000000e+01
   9.83600000000000e+01
   1.00640000000000e+02
   1.00580000000000e+02
   1.01820000000000e+02
