   2.12031791940375e+00
   1.72110846141935e+00
   1.63260597415362e+00
   1.59155445595853e+00
   1.56649705334949e+00
   1.54904863583556e+00
   1.53566856226554e+00
   1.52455159419322e+00
   1.51465157745606e+00
   1.50531652179863e+00
   1.49619245910196e+00
   1.48725008611228e+00
   1.47865027344139e+00
   1.47047973800841e+00
   1.46273256976885e+00
   1.45532170383466e+00
   1.44778313877936e+00
   1.43875765147251e+00
   1.42807403498075e+00
   1.41709563418333e+00
   1.40678068479500e+00
   1.40840340915661e+00
   1.40691336825272e+00
   1.39071505623421e+00
   1.38440196204780e+00
   1.35566338833821e+00
   1.36920277025496e+00
   1.44796589359373e+00
   1.36835022988231e+00
   1.35180803017138e+00
   1.37285117247363e+00
   1.35017493266781e+00
   1.32212473981282e+00
   1.31378903756468e+00
   1.32835270319469e+00
   1.31307180086872e+00
   1.36082919094989e+00
   1.33324685106212e+00
   1.31546039663277e+00
   1.32124178257155e+00
   1.31050092032832e+00
   1.30664464282962e+00
   1.29903245411520e+00
   1.29970253943798e+00
   1.28243047101384e+00
   1.28886512843765e+00
   1.31909541050155e+00
   1.31644984789733e+00
   1.29613510364671e+00
   1.29476052034186e+00
   1.28867962953580e+00
   1.30660906566959e+00
   1.33289607540286e+00
   1.29756824056007e+00
   1.28894074023429e+00
   1.27458738464324e+00
   1.35072329929401e+00
   1.28131585698276e+00
   1.27583766625690e+00
   1.26984852520274e+00
   1.26877138628990e+00
   1.27609129976472e+00
   1.25158997684467e+00
   1.32313958372040e+00
   1.25212875032864e+00
   1.26089034391298e+00
   1.29484573130656e+00
   1.24824481901056e+00
   1.27876662650108e+00
   1.27025966088135e+00
   1.30690242473560e+00
   1.25876147883881e+00
   1.27870543872290e+00
   1.24172571297954e+00
   1.23910863561267e+00
   1.24066666654256e+00
   1.24455329277417e+00
   1.23142070830500e+00
   1.24078335310845e+00
   1.25387922092471e+00
   1.22787830094124e+00
   1.20805143800749e+00
   1.25386227756424e+00
   1.23554185936360e+00
   1.22296439214767e+00
   1.20198730635200e+00
   1.20682133677239e+00
   1.21410231565035e+00
   1.20159323698101e+00
   1.21387443163716e+00
   1.24753703177246e+00
   1.23224727347390e+00
   1.19468550700080e+00
   1.19397646525374e+00
   1.33516619046992e+00
   1.23361981495565e+00
   1.19343763162063e+00
   1.19589645171808e+00
   1.19023504920876e+00
   1.18028246295604e+00
   1.26909369234785e+00
   1.24524704694087e+00
   1.19802280644104e+00
   1.20926183718321e+00
   1.19497759040031e+00
   1.20938493542678e+00
   1.17643632308986e+00
   1.22414533579584e+00
   1.15980913147319e+00
   1.22579998436739e+00
   1.24245382027152e+00
   1.18002088750644e+00
   1.22298597228421e+00
   1.16599543285718e+00
   1.16663897139659e+00
   1.24416029502221e+00
   1.18921686922732e+00
   1.21994168568106e+00
   1.17074165691687e+00
   1.15840844710468e+00
   1.15211141332958e+00
   1.15229903458560e+00
   1.15467867146735e+00
   1.15251829106853e+00
   1.14894631239421e+00
   1.13147122860556e+00
   1.12561925611411e+00
   1.12510737225506e+00
   1.13038941457471e+00
   1.16960866054275e+00
   1.13941413097666e+00
   1.19503440464139e+00
   1.16400202420642e+00
   1.12782229306210e+00
   1.12305773744970e+00
   1.11361539999829e+00
   1.10743757150590e+00
   1.10786245165924e+00
   1.14516494799960e+00
   1.18155810582345e+00
   1.13276088112545e+00
   1.14017517259850e+00
   1.11586249225096e+00
   1.11542792869734e+00
   1.21966823484898e+00
   1.15492347256028e+00
   1.12812199832219e+00
   1.10557500997964e+00
   1.11953585921630e+00
   1.10250043066914e+00
   1.09947093072733e+00
   1.09568810913680e+00
   1.08980450761964e+00
   1.12304508980202e+00
   1.10063630914308e+00
   1.19841704217629e+00
   1.13080912158374e+00
   1.11380220303912e+00
   1.13516361321452e+00
   1.12186938959092e+00
   1.18529314033263e+00
   1.12458320730190e+00
   1.11129867159063e+00
   1.11929668949900e+00
   1.09349970134349e+00
   1.09861297089694e+00
   1.08826896113311e+00
   1.08775056159248e+00
   1.17323636137234e+00
   1.10538593143174e+00
   1.20047040023394e+00
   1.12640568201698e+00
   1.10795254530182e+00
   1.11800733503536e+00
   1.09710467507875e+00
   1.12719316766988e+00
   1.09350746246992e+00
   1.07954166714044e+00
   1.06490917402706e+00
   1.06881390399691e+00
   1.06667847122295e+00
   1.12974947494189e+00
   1.11828243250772e+00
   1.14538917923506e+00
   1.12552158677292e+00
   1.08298500523669e+00
   1.21035695965731e+00
   1.26178285753881e+00
   1.22813457431014e+00
   1.12996136277321e+00
   1.10093603561121e+00
   1.10787139953586e+00
   1.07528411288901e+00
   1.08252642593114e+00
   1.10161909157715e+00
   1.09817273380517e+00
   1.09929568580102e+00
   1.06278968790061e+00
   1.07265369320090e+00
   1.07586891811793e+00
   1.05754235586188e+00
