   3.18915490196346e-02   3.72053813059505e-02   2.46212850952220e-02   2.41963594604322e-02   2.43626179013776e-02  -5.91435588909733e-02  -4.18238573253617e-02  -5.49840428698105e-02   3.08022773097708e-03   1.39569498517327e-02
  -4.60411436753049e-02  -6.84628802544391e-02  -2.14742939026102e-02  -5.57915094947123e-02  -1.84137212684282e-01   1.82502517602797e-03   1.44947124356302e-01   1.24921342357881e-01   8.54459555893997e-02   4.64066714615395e-02
  -5.14107350963867e-02  -5.02771979222152e-02  -5.15601456654888e-02   2.32135969870346e-02  -3.15986139509393e-04   9.01635632917558e-02   4.69357307617181e-02   9.45181549082861e-02  -3.17941772547104e-02  -4.12975435741456e-02
  -5.38169860708825e-02  -6.80242569003999e-02  -3.52183623392325e-02  -4.56901917035390e-02  -5.77834730451261e-02   8.80435253125655e-02   1.62533832310916e-01   1.98742275455707e-01   1.37029252554393e-02  -1.00247950954386e-02
  -4.58795032347746e-02  -6.16547065343449e-02  -2.66510847293977e-02  -6.47445614405402e-02  -1.26468552111151e-01   1.48069727090315e-02   9.58208275921170e-02   3.24202080132597e-01   5.99655848082105e-02   4.25430786323724e-02
   2.40774167090419e-02   2.25019057214746e-02   2.64524384272037e-02   9.17468565346535e-03  -2.00448855911285e-02  -7.09225505407878e-02  -5.18982019588423e-02  -6.27283865398022e-02   7.23665904340397e-02   6.13442079096906e-02
   2.61732654461473e-02   4.64171652255273e-02   1.10109996721274e-02   6.64689654669112e-02   1.71204260211306e-01   1.04225206310230e-01  -1.89187741277432e-01  -8.28507377244405e-02  -6.48937902675114e-02  -5.84465760112896e-02
   4.33315965698978e-02   5.27059272714496e-02   3.08204882541478e-02   5.39492701640877e-02   3.78580753664037e-02  -6.15784989560196e-02  -4.53832655610241e-02  -7.65736394052485e-02  -4.43219610883732e-03   1.07018903869962e-02
   1.78574360442162e-02   4.57343000228685e-03   5.44266639359746e-02  -3.24373564261857e-01  -7.99923558309798e-02  -1.25193322342900e-01  -9.46570533635280e-02   7.62411371782349e-02   1.59584017032165e-01   1.24182849655733e-01
   3.10662939540705e-02   6.28623071676125e-03   4.19131761948059e-02  -1.31607442723979e-02  -9.31890553575277e-02  -1.40516836689609e-01  -1.54336723281051e-01  -1.62868169839135e-01   2.27322376653790e-01   1.87268228942809e-01
   2.35787110524304e-03   5.09683386390242e-03  -7.07917097525570e-03   4.94956271511320e-02   9.35053391889989e-02   1.75491656303103e-01   2.59168760692901e-01  -2.64438239624698e-01  -1.44604520865130e-01  -1.17163817229957e-01
   7.97036326633104e-02   1.09950071825980e-01   4.16707305684415e-02   8.13151308120969e-02   7.76478098708015e-02  -2.44657917785135e-01  -1.73285126043733e-01  -1.28198987986579e-01  -2.25373947386609e-03   1.13836484210266e-02
   2.75564640973616e-02   4.36569859725322e-02   3.95072126533366e-02  -2.53366634735714e-02  -8.19430487996611e-02  -1.56240540818301e-01  -1.13033158250352e-01  -4.34586966605790e-02   2.57966724113961e-01   1.65820689396633e-01
   1.85964336662220e-02   1.13153207080913e-02   2.79580244755353e-02  -2.75373720674418e-02  -5.46431026573883e-02  -1.14055676889685e-01  -1.60710422425434e-01   2.20436519232501e-02   2.59897590944061e-01   1.50689794185891e-01
  -1.77900843461801e-02  -3.27963701456397e-02  -7.25673467616286e-03  -5.57276739514506e-02  -9.31187227083893e-02  -8.21008647721064e-02   4.82507476316009e-02   1.60844677386777e-01   6.81413475956887e-02   5.02386506966091e-02
  -2.00207017187004e-02  -1.55386686313804e-02  -2.75863726838977e-02   1.11200402773558e-02   3.69390742256564e-02   1.01214320878255e-01   2.42824342705122e-01   5.46925390407019e-02  -1.78642837410177e-01  -1.44902974698842e-01
  -1.52831392920789e-02  -1.28933807805663e-02  -2.78382865721613e-02  -1.44422062826811e-02   4.11451460103756e-02   9.23841081078423e-02   1.44403419263922e-01   5.24670941928553e-02  -1.44672891592534e-01  -1.26854208542604e-01
  -2.22655844206605e-01  -1.02391553881346e-01  -4.86725189710212e-02  -6.99114196775855e-02  -1.09520760913708e-02   1.90173816405170e-01   4.46920800168925e-02   1.52220571199183e-01   1.07915864612073e-02   3.58639877487344e-03
  -1.78269125007508e-02  -1.14584257594516e-02  -3.12839705991392e-02   1.23750672548115e-02   5.88597894100902e-02   1.85218062794615e-01   5.00113337845276e-02  -1.64213873294059e-02  -9.14988086748546e-02  -7.57597649021832e-02
   2.35281974239516e-02   4.32795607818347e-02   1.72009550123801e-03   7.47908309356106e-02   1.49192281325765e-01   1.55268596664549e-01  -2.05745294565934e-01  -1.70050658043718e-01  -7.75980027192697e-02  -6.55634269149977e-02
   1.94004428700402e-02   3.54202913569377e-02   2.40966610799272e-03   1.06987727462035e-01   1.34494756125616e-01   3.29433749712266e-01  -2.19486047652082e-01  -2.28839320858155e-01  -6.32271894968295e-02  -7.08725703023783e-02
   5.19852895296337e-02   4.29851915601135e-02   1.24214448024968e-02   5.41897137232088e-02   1.00119374960921e-01   2.98814709477023e-02  -9.12806442489175e-02  -8.80785909122976e-02  -3.81557615182207e-02  -2.92372725732250e-02
  -2.40199569729482e-02  -4.61940525276154e-02   8.53672971160505e-04  -7.75078107215321e-02  -2.36745388554415e-01  -1.44591144685097e-01   2.24878400752078e-01   1.12845969874229e-01   6.79059332207860e-02   7.24641647371730e-02
  -1.10597075085241e-02  -1.65788557817457e-02  -2.95715990516063e-03   2.32509656729910e-02   5.01852475328620e-02   8.10142183710951e-02   7.32051571137458e-02  -3.18269476920172e-03  -1.03923221783679e-01  -8.58329360984383e-02
  -7.48897901548766e-03  -3.90043632881866e-03  -1.03980751127099e-02   1.05103421937122e-02   3.16699530347027e-02   1.21388512075390e-01   2.89021659112993e-02  -1.19117934778469e-02  -5.17617971636000e-02  -4.17706401560676e-02
  -2.76362171661711e-03  -2.51067441543963e-05  -1.63117293559576e-03   2.40023330034920e-04   2.04081989709215e-03   4.25662460460805e-04  -2.31342016784370e-03   6.79377869410992e-06   9.33521434244093e-04   9.70232323413744e-04
  -2.16173936092613e-02  -4.58316688486007e-02  -5.49603031108239e-04  -7.41524298007278e-02  -2.72879665068555e-01  -1.38448852933532e-01   1.65443474713344e-01   1.38120043253007e-01   1.05966504631663e-01   7.49736223335224e-02
  -3.62204263673213e-02  -4.58330313936121e-02  -2.40700106581272e-02  -4.78866564261056e-02  -7.80868533277865e-02  -8.37836299801366e-04   7.38888405972176e-02   2.88035644316095e-01   3.31853205156217e-02   1.38009715721546e-02
  -2.58843900841823e-02  -4.45609475716377e-02  -4.63607694476616e-03  -7.16571718233513e-02  -1.52084582527553e-01  -1.14878633282716e-01   1.56473374503073e-01   1.17473708937453e-01   7.18589991349831e-02   4.68881630491902e-02
  -6.28386976767456e-03  -1.50510541291876e-02   3.03956650388237e-03  -3.10868997521201e-02  -5.86947821485561e-02  -6.25049720603843e-02  -1.99528944869722e-02   6.19105528755009e-02   7.18525891281487e-02   4.88059383852150e-02
   7.06656937704528e-02   1.84733292616984e-01   2.91132727010175e-02   7.53249375552058e-02   3.08332808120383e-01  -1.63852437570110e-01  -1.56023492259335e-01  -9.16771710831765e-02  -7.69232771994658e-02  -4.72117985551201e-02
  -4.97669799089282e-04  -2.28893076076999e-02   7.67680440643971e-05  -1.04329667579675e-03  -2.67761942538321e-03  -1.35653599181059e-02  -8.78654480899782e-05   8.99826230555445e-04   3.73651792717942e-03   2.46658380159065e-03
   2.13344605569509e-02   1.86679882482212e-02   2.52057204774139e-02   6.16619741444058e-03  -1.61945968099147e-02  -9.33459624149440e-02  -2.02278767098785e-01  -6.99569620180530e-02   1.35930491750199e-01   1.05353681763078e-01
   2.15980351161140e-02   3.18664137614311e-02   9.00172278604486e-03   4.77819833697738e-02   7.14617809489240e-02   5.84379017832968e-02  -5.40313239430716e-03  -8.81465687529913e-02  -1.81397993283852e-01  -3.08650008809778e-02
   1.07241052413014e-01   1.65522456651579e-01   4.71999285070174e-02   9.74616345544041e-02   9.47659504287405e-02  -3.05323182437999e-01  -3.98127889685447e-02  -1.31178927739165e-01  -2.37564325975620e-02   6.71150271211681e-03
  -2.61575127374906e-02  -2.27941214163426e-02  -2.80586165377021e-02  -1.00408612624368e-02   6.14350774306592e-03   2.56737884032996e-02   1.60170985363826e-02   4.47576550695353e-02  -6.34083090102013e-03  -1.00002153514280e-02
  -7.29265343486246e-02  -9.76462839891542e-02  -6.26926394946676e-02  -9.98651986166076e-02  -6.48820751261192e-02   1.72341765958591e-01   8.31425172159557e-02   1.52141033767725e-01   9.06504218312928e-03  -1.98203968668399e-02
   6.79286804106182e-02   5.46838547648390e-03   9.67414193682601e-03  -1.00940878238584e-02  -1.91965550539491e-02  -7.77892486461283e-02  -1.86431903728176e-01   5.10330151026358e-02   8.90671767325267e-02   6.92006569814793e-02
   1.44051077787896e-02   5.27460890520144e-03   2.61082794788279e-02  -1.81531847012870e-02  -5.28848635126435e-02  -7.84975630803410e-02  -7.25463005370570e-02  -8.71559275330667e-03   1.21673557791024e-01   1.01490720423569e-01
  -5.85076281465249e-02  -1.02078562964030e-01  -3.06266737585811e-02  -3.44924959382062e-02  -1.12033603972965e-01   9.65732830326961e-02   7.77944344522394e-02   1.03790976871320e-01   2.52614232832413e-02   6.54464204501010e-03
   8.20494623883281e-04   7.50530536414906e-03  -7.65262008555557e-03   2.85125654690795e-02   5.22954516886907e-02   8.00921002088490e-02   8.37687791726864e-02  -5.80503244422114e-02  -1.75553695901363e-01  -8.66062700182414e-02
  -5.67887049408331e-02  -8.06832073912818e-02  -2.92155946604279e-02  -5.63434152282230e-02  -1.13040704636093e-01   1.57854354578071e-01   1.92868226650667e-01   6.39044583753238e-02   4.69227938499714e-02   3.89499204443553e-03
   2.57532971182583e-02   3.00054863084987e-02   4.09100505306149e-02   3.49092985833639e-03  -3.72976208345860e-02  -1.44854710135201e-01  -1.31117637328220e-01  -1.53381896158652e-01   2.46568496054315e-01   2.21266704190082e-01
  -1.69812922066231e-02  -1.62099423235775e-02  -1.99724822875797e-02  -3.62663659557163e-03   1.92872108205641e-02   5.68649778782291e-02   5.00897356938206e-02   4.02468806976453e-02  -7.19640612164394e-02  -5.58186211366264e-02
   1.21250959082039e-02   2.72934299678093e-03   2.30959067325654e-02  -1.89195603866801e-02  -6.28541464922287e-02  -7.90237727046663e-02  -6.95501319104704e-02   9.31811815080898e-03   1.09803782222912e-01   9.20402197539949e-02
   1.92049449309463e-02   1.22454649740851e-02   2.61647907892048e-02  -6.95650832044628e-02  -4.41509524063155e-02  -1.39010269492874e-01  -6.64391031326180e-02  -3.58383755188515e-02   1.09320328083316e-01   9.06592258616930e-02
   1.43959954656332e-02   1.13587705305783e-02   1.69000580664663e-02  -1.58357305791523e-03  -1.62762244793610e-02  -6.97140983879486e-02  -5.77565149562690e-02  -2.90637807200780e-02   8.79434568161862e-02   6.38487848902912e-02
   8.67098154869749e-03   1.67681186324096e-02  -3.29240096131913e-03   6.82593029226496e-02   1.08251798778132e-01   2.43239020167468e-01   5.83751032956493e-02  -3.66706659850674e-01  -9.76624048881565e-02  -6.43838174681049e-02
  -9.56560459193891e-05  -8.32747937016630e-04   9.84867479182257e-04   1.11633346926411e-03  -7.98163994039697e-03   3.23369604851027e-02   6.30110608003931e-03  -2.08952854341347e-03  -9.32754861601657e-03  -4.78510520954081e-03
  -1.29889935839287e-02  -2.39269766530207e-02  -7.73072408447512e-03  -3.16942572443125e-02  -5.11747541277738e-02  -3.55500656263713e-02   2.25696624002256e-02   8.63991149968837e-02   3.99087482722934e-02   2.56605064161566e-02
