   3.05785123966942e-01
   4.21487603305785e-01
   4.46280991735537e-01
   4.79338842975207e-01
   5.12396694214876e-01
   5.45454545454545e-01
   6.11570247933884e-01
   6.36363636363636e-01
   6.36363636363636e-01
   6.77685950413223e-01
   6.52892561983471e-01
   6.94214876033058e-01
   7.60330578512397e-01
   7.76859504132231e-01
   7.52066115702479e-01
   8.09917355371901e-01
   8.34710743801653e-01
   8.01652892561983e-01
   8.01652892561983e-01
   8.42975206611570e-01
   8.67768595041322e-01
   8.42975206611570e-01
   8.67768595041322e-01
   8.67768595041322e-01
   8.76033057851240e-01
   8.84297520661157e-01
   8.67768595041322e-01
   8.59504132231405e-01
   8.67768595041322e-01
   8.26446280991736e-01
   8.51239669421488e-01
   8.18181818181818e-01
   8.51239669421488e-01
   8.42975206611570e-01
   8.84297520661157e-01
   8.92561983471074e-01
   9.09090909090909e-01
   9.09090909090909e-01
   9.25619834710744e-01
   8.92561983471074e-01
   9.33884297520661e-01
   9.09090909090909e-01
   8.84297520661157e-01
   8.67768595041322e-01
   8.59504132231405e-01
   9.09090909090909e-01
   9.33884297520661e-01
   9.33884297520661e-01
   9.33884297520661e-01
   9.42148760330578e-01
   9.50413223140496e-01
   9.42148760330578e-01
   9.50413223140496e-01
   9.58677685950413e-01
   9.33884297520661e-01
   9.58677685950413e-01
   9.42148760330578e-01
   9.66942148760331e-01
   9.75206611570248e-01
   9.66942148760331e-01
   9.25619834710744e-01
   9.50413223140496e-01
   9.17355371900826e-01
   9.25619834710744e-01
   8.76033057851240e-01
   9.50413223140496e-01
   9.58677685950413e-01
   9.58677685950413e-01
   9.75206611570248e-01
   9.83471074380165e-01
   9.75206611570248e-01
   9.83471074380165e-01
   9.83471074380165e-01
   9.83471074380165e-01
   9.83471074380165e-01
   9.83471074380165e-01
   9.83471074380165e-01
   9.83471074380165e-01
   9.83471074380165e-01
   9.83471074380165e-01
   9.75206611570248e-01
   9.42148760330578e-01
   9.75206611570248e-01
   9.75206611570248e-01
   9.83471074380165e-01
   9.83471074380165e-01
   9.91735537190083e-01
   9.91735537190083e-01
   9.91735537190083e-01
   9.91735537190083e-01
   9.91735537190083e-01
   9.91735537190083e-01
   9.91735537190083e-01
   9.91735537190083e-01
   9.91735537190083e-01
   9.91735537190083e-01
   9.91735537190083e-01
   9.91735537190083e-01
   9.91735537190083e-01
   9.91735537190083e-01
   9.91735537190083e-01
   9.91735537190083e-01
   9.91735537190083e-01
   9.91735537190083e-01
   9.91735537190083e-01
   9.91735537190083e-01
   9.91735537190083e-01
   9.91735537190083e-01
   9.91735537190083e-01
   9.91735537190083e-01
   9.33884297520661e-01
   9.50413223140496e-01
   9.66942148760331e-01
   9.66942148760331e-01
   9.66942148760331e-01
   9.42148760330578e-01
   9.83471074380165e-01
   9.83471074380165e-01
   9.91735537190083e-01
   1.00000000000000e+00
   1.00000000000000e+00
   1.00000000000000e+00
   1.00000000000000e+00
   9.66942148760331e-01
   9.83471074380165e-01
   9.83471074380165e-01
   9.58677685950413e-01
   9.42148760330578e-01
   9.58677685950413e-01
   9.75206611570248e-01
   9.91735537190083e-01
   1.00000000000000e+00
   1.00000000000000e+00
   1.00000000000000e+00
   1.00000000000000e+00
   1.00000000000000e+00
   1.00000000000000e+00
   1.00000000000000e+00
   1.00000000000000e+00
   1.00000000000000e+00
   1.00000000000000e+00
   1.00000000000000e+00
   1.00000000000000e+00
   1.00000000000000e+00
   9.83471074380165e-01
   9.91735537190083e-01
   1.00000000000000e+00
   1.00000000000000e+00
   1.00000000000000e+00
   1.00000000000000e+00
   1.00000000000000e+00
   1.00000000000000e+00
   1.00000000000000e+00
   1.00000000000000e+00
   1.00000000000000e+00
   1.00000000000000e+00
   1.00000000000000e+00
   1.00000000000000e+00
   1.00000000000000e+00
   1.00000000000000e+00
   9.91735537190083e-01
   9.50413223140496e-01
   9.58677685950413e-01
   9.66942148760331e-01
   9.33884297520661e-01
   9.91735537190083e-01
   9.83471074380165e-01
   9.83471074380165e-01
   9.75206611570248e-01
   9.83471074380165e-01
   1.00000000000000e+00
   1.00000000000000e+00
   1.00000000000000e+00
   1.00000000000000e+00
   1.00000000000000e+00
   1.00000000000000e+00
   1.00000000000000e+00
   1.00000000000000e+00
   1.00000000000000e+00
   1.00000000000000e+00
   1.00000000000000e+00
   1.00000000000000e+00
   1.00000000000000e+00
   1.00000000000000e+00
   1.00000000000000e+00
   1.00000000000000e+00
   1.00000000000000e+00
   1.00000000000000e+00
   1.00000000000000e+00
   1.00000000000000e+00
   1.00000000000000e+00
   1.00000000000000e+00
   1.00000000000000e+00
   1.00000000000000e+00
   1.00000000000000e+00
   1.00000000000000e+00
   1.00000000000000e+00
   1.00000000000000e+00
   1.00000000000000e+00
   1.00000000000000e+00
   1.00000000000000e+00
