   2.06728137298414e+00
   1.53962563001018e+00
   1.36671769694933e+00
   1.25840498510483e+00
   1.19999346357726e+00
   1.08337507132571e+00
   1.00251426244911e+00
   9.44212232509577e-01
   8.79493855267405e-01
   8.73392798727834e-01
   8.96044972785929e-01
   7.43678151334033e-01
   6.82605483795879e-01
   6.73893669465492e-01
   6.66080512339707e-01
   5.75132238591147e-01
   5.25069916067971e-01
   5.45183530084637e-01
   5.28531977944983e-01
   4.79163090579600e-01
   4.35274969700345e-01
   4.21590842771398e-01
   3.89718956572348e-01
   4.39783874281908e-01
   3.50863488362907e-01
   3.16302455034694e-01
   3.02480224237581e-01
   3.91131462579379e-01
   3.85096806235193e-01
   4.06286796278569e-01
   3.67862651231134e-01
   5.06849846334863e-01
   4.14969760240664e-01
   3.75727409154544e-01
   3.00290448705318e-01
   2.82425986792625e-01
   2.75262565536244e-01
   3.14606178767771e-01
   2.74044971235399e-01
   3.25859236440517e-01
   2.43896557483724e-01
   2.75244029983646e-01
   3.51848243447080e-01
   3.77797592844451e-01
   3.95640149342804e-01
   2.74022252935767e-01
   2.42576579030937e-01
   2.13593459190800e-01
   2.06966974396186e-01
   1.74862777502426e-01
   1.63811423697045e-01
   1.69309951599826e-01
   1.63100842180431e-01
   1.43282472276584e-01
   1.88757869543792e-01
   1.48955363134491e-01
   1.99712549497246e-01
   1.93018093019917e-01
   1.26168408310844e-01
   1.52272170463773e-01
   2.71293522412124e-01
   2.49204982406579e-01
   2.86824474977054e-01
   2.34078801077724e-01
   3.54280663677773e-01
   1.63380207991892e-01
   1.40765539836917e-01
   1.32979688161733e-01
   1.00767874751331e-01
   9.18861977257153e-02
   9.71381092536687e-02
   8.74710413820902e-02
   7.82931675505960e-02
   7.54355987690765e-02
   7.21485195371359e-02
   7.00950102726220e-02
   6.78775209359742e-02
   6.58220903226586e-02
   6.44774898121814e-02
   6.37049995349414e-02
   9.75731827779922e-02
   1.89438093039670e-01
   1.12846905708768e-01
   8.09930852999417e-02
   5.83347497130308e-02
   6.95754645404216e-02
   5.31776144716133e-02
   5.04795227002944e-02
   5.25451849026009e-02
   4.87657875784843e-02
   4.82712844840985e-02
   4.55615993581774e-02
   4.37148144193711e-02
   4.18165719016551e-02
   4.54234358015888e-02
   3.79911871668883e-02
   3.69014660059307e-02
   3.58059757959774e-02
   3.49683562932203e-02
   3.42087900362569e-02
   3.35028824837333e-02
   3.28407655215638e-02
   3.22150844508224e-02
   3.16162345243920e-02
   3.10422324153748e-02
   3.04879466217996e-02
   2.99515443327206e-02
   2.94287996286694e-02
   2.89175707689132e-02
   2.84128728810285e-02
   2.06245736582328e-01
   1.97768878537149e-01
   1.18766196231550e-01
   9.12924091468797e-02
   1.02382627281049e-01
   1.79421402161152e-01
   5.11002192544501e-02
   4.56060551597095e-02
   4.48570130413455e-02
   4.08447572135661e-02
   3.95323328859415e-02
   3.88561841172604e-02
   3.76250246882240e-02
   9.14451350844845e-02
   9.85634369973649e-02
   7.40475427941509e-02
   1.11615237208480e-01
   1.93767367921848e-01
   1.76394253760492e-01
   1.22907378925796e-01
   6.91065035264926e-02
   4.28193773625607e-02
   4.07859250048010e-02
   3.92396963806105e-02
   3.80119942949334e-02
   3.67721313308443e-02
   3.59680449899643e-02
   3.48261246011387e-02
   3.40340568324572e-02
   3.30690297541608e-02
   3.24287226516184e-02
   3.14449008878987e-02
   3.08247418835371e-02
   2.97638326582130e-02
   7.31247183571672e-02
   5.17643034518615e-02
   3.10570672426876e-02
   3.02839372796144e-02
   2.97547537343207e-02
   2.85645991501142e-02
   2.79505192919495e-02
   2.78633550728170e-02
   3.05431299878168e-02
   2.49204813610152e-02
   2.36032536827293e-02
   2.31273414145344e-02
   2.23747604236050e-02
   2.16525414694671e-02
   2.12112626071958e-02
   2.10174519867463e-02
   4.47976045075384e-02
   1.00875040331782e-01
   1.35536193976879e-01
   1.11448909084942e-01
   2.72050757193877e-01
   7.72937737312622e-02
   7.22211079917346e-02
   1.27616846653239e-01
   1.07103250909158e-01
   4.31198444885799e-02
   3.45619233639060e-02
   2.95852592258882e-02
   2.77222195497663e-02
   2.73159834444903e-02
   2.40533658570598e-02
   2.41621595506821e-02
   2.20033934012588e-02
   2.19460978533251e-02
   1.90171446441483e-02
   1.92901757898366e-02
   1.77147297479770e-02
   1.77260712028504e-02
   1.66742577356963e-02
   1.65124416879846e-02
   1.58683245055002e-02
   1.56021777380399e-02
   1.51716164793590e-02
   1.48674140791826e-02
   1.45344478919079e-02
   1.42463853140093e-02
   1.39822385471038e-02
   1.38996022683257e-02
   1.34047127524370e-02
   1.31451195227111e-02
   1.29250393468927e-02
   1.27011531339058e-02
   1.24925339696067e-02
   1.22905858125238e-02
   1.20982351545458e-02
   1.19129025665336e-02
   1.17348304044616e-02
