  -1.45990504246359e-01
   1.69606546679090e-01
   4.30526890637198e-02
  -4.40393805177955e-03
  -5.32660543326899e-02
   1.18304774092858e-03
  -2.64869087305896e-02
  -1.75440954346192e-02
  -8.42951319828153e-02
   9.49463344667804e-02
  -5.37582188686629e-02
  -3.41833614017743e-02
   5.30295691314691e-02
  -1.06805712428563e-01
  -1.52381786079047e-02
   1.38586142664297e-02
  -2.06645223576705e-02
  -7.72682571676299e-02
  -1.83379871197445e-02
  -4.92656562973986e-02
  -5.48044191798365e-02
  -1.48012482708262e-02
  -3.38940734695746e-02
   7.49517615052857e-03
   1.29746887683984e-01
   2.81472939413458e-02
  -3.76979639703321e-02
   5.80034319160618e-02
  -2.18099394432542e-02
  -3.15540489009637e-02
  -9.83656454549758e-02
   2.15091387339424e-02
   2.18428288001826e-02
  -1.32815234657743e-02
  -3.15848162481327e-02
   1.04883730506972e-01
  -8.26672363234020e-02
  -6.67657440343807e-02
  -6.11026958795160e-02
  -8.52137692768793e-04
   6.28107947111339e-02
   1.66608569336758e-03
   9.79094134716380e-03
   1.39235411515361e-02
  -3.12467950397130e-02
   6.09748192296879e-02
  -2.12616945652859e-02
   1.35037918940315e-02
  -1.69851088809918e-01
   1.08074028252378e-01
