   1.60052837304275e+00
   1.57434976216555e+00
   1.55028001501196e+00
   1.52810834525498e+00
   1.50765106471363e+00
   1.48874369892256e+00
   1.47123740630132e+00
   1.45499789715775e+00
   1.43990574157047e+00
   1.42585732704863e+00
   1.41276591522170e+00
   1.40056233481660e+00
   1.38919489652011e+00
   1.37862817677067e+00
   1.36884043848135e+00
   1.35981966714524e+00
   1.35155849621923e+00
   1.34404862122279e+00
   1.33727555465772e+00
   1.33121463632821e+00
   1.32582901427037e+00
   1.32106987936323e+00
   1.31687870929586e+00
   1.31319084296316e+00
   1.30993950970403e+00
   1.30705951294375e+00
   1.30449003648443e+00
   1.30217637139954e+00
   1.30007063612710e+00
   1.29813172347720e+00
   1.29632475593180e+00
   1.29462029938817e+00
   1.29299351748069e+00
   1.29142337642602e+00
   1.28989195190296e+00
   1.28838385038417e+00
   1.28688573575124e+00
   1.28538594312479e+00
   1.28387416061226e+00
   1.28234116219422e+00
   1.28077857868514e+00
   1.27917869723334e+00
   1.27753428259088e+00
   1.27583841528290e+00
   1.27408434295888e+00
   1.27226534180838e+00
   1.27037458515522e+00
   1.26840501634709e+00
   1.26634922292486e+00
   1.26419930883739e+00
   1.26194676118115e+00
   1.25958230758800e+00
   1.25709575994360e+00
   1.25447583957490e+00
   1.25170997838045e+00
   1.24878408958626e+00
   1.24568230091120e+00
   1.24238664199058e+00
   1.23887667710133e+00
   1.23512907391573e+00
   1.23111709989238e+00
   1.22681004137060e+00
   1.22217254908233e+00
   1.21716393254909e+00
   1.21173746382893e+00
   1.20583982509573e+00
   1.19941097470750e+00
   1.19238496478108e+00
   1.18469270272600e+00
   1.17626841915248e+00
   1.16706275478021e+00
   1.15706667852737e+00
   1.14635066100348e+00
   1.13511917144917e+00
   1.12376559198813e+00
   1.11288410178457e+00
   1.10316955813601e+00
   1.09516616288441e+00
   1.08896856568636e+00
   1.08413796950247e+00
   1.07997163514561e+00
   1.07590333760159e+00
   1.07169166007446e+00
   1.06733094403795e+00
   1.06289392641796e+00
   1.05844922810251e+00
   1.05404285732965e+00
   1.04970038654908e+00
   1.04543058124697e+00
   1.04123010836186e+00
   1.03709387178679e+00
   1.03302802764374e+00
   1.02905409588367e+00
   1.02519996262424e+00
   1.02148770557920e+00
   1.01792747832074e+00
   1.01451767144967e+00
   1.01124804455322e+00
   1.00810344234810e+00
   1.00506692685995e+00
   1.00212189736276e+00
   9.99253231559877e-01
   9.96447708070393e-01
   9.93694002259885e-01
   9.90982479338760e-01
   9.88304921798979e-01
   9.85654260801623e-01
   9.83024339717891e-01
   9.80409716551618e-01
   9.77805502563378e-01
   9.75207231261544e-01
   9.72610751586742e-01
   9.70012139828908e-01
   9.67407625778085e-01
   9.64793529504611e-01
   9.62166205894922e-01
   9.59521994628512e-01
   9.56857173691126e-01
   9.54167914805555e-01
   9.51450239347143e-01
   9.48699973412826e-01
   9.45912700740628e-01
   9.43083712135848e-01
   9.40207949949990e-01
   9.37279945972876e-01
   9.34293750824918e-01
   9.31242852555269e-01
   9.28120081631898e-01
   9.24917498805630e-01
   9.21626261372746e-01
   9.18236462044146e-01
   9.14736932788042e-01
   9.11115003383759e-01
   9.07356200577272e-01
   9.03443867958397e-01
   8.99358677824429e-01
   8.95077992482064e-01
   8.90575010782543e-01
   8.85817602146453e-01
   8.80766680342474e-01
   8.75373900297571e-01
   8.69578378372863e-01
   8.63302058006591e-01
   8.56443281098032e-01
   8.48867951908079e-01
   8.40396497168417e-01
   8.30778240482836e-01
   8.19613048649379e-01
   8.06032581425955e-01
   7.87396053536335e-01
   7.86167213738045e-01
   7.63588774988936e-01
   7.89283053353632e-01
   7.57761805842499e-01
   7.43972087516187e-01
   7.54973115939684e-01
   7.52817737688320e-01
   7.45956503174105e-01
   7.20814391517997e-01
   7.01690335257153e-01
   7.97890262080820e-01
   7.20660530270252e-01
   7.03303800605662e-01
   6.97271577093741e-01
   6.95084772871454e-01
   6.95131110003623e-01
   6.97031681334676e-01
   6.88137920208011e-01
   6.76885792839465e-01
   6.77550281870720e-01
   6.75066663920719e-01
   6.70429178802489e-01
   6.66056397042936e-01
   6.61717180042658e-01
   6.57228581072275e-01
   6.52592549096594e-01
   6.47827040053955e-01
   6.42949521722437e-01
   6.37978379783682e-01
   6.32937014449657e-01
   6.27860060134794e-01
   6.22801217395316e-01
   6.17840550839701e-01
   6.13086637281607e-01
   6.08665878055735e-01
   6.04690221302185e-01
   6.01207377380682e-01
   5.98170268165058e-01
   5.95464500261125e-01
   5.92968722436001e-01
   5.90592855783576e-01
   5.88285646749336e-01
   5.86031082456523e-01
   5.83840130321012e-01
   5.81732859337849e-01
   5.79716488161591e-01
   5.77776580434438e-01
   5.75884515919202e-01
   5.74008129097494e-01
   5.72117697979768e-01
   5.70189004591742e-01
   5.68206051755072e-01
   5.66163542889135e-01
   5.64068308745907e-01
   5.61939408029645e-01
   5.59807075658102e-01
   5.57709727322304e-01
   5.55685151357081e-01
   5.53747680186755e-01
   5.51845418262231e-01
   5.49825668918121e-01
   5.47504142001639e-01
   5.44838017084360e-01
   5.41915530665713e-01
   5.38882722586224e-01
   5.35798880795077e-01
   5.32620735212865e-01
   5.29292897801582e-01
   5.25630041970358e-01
   5.23243688524293e-01
   5.25514825971786e-01
   5.73853934266765e-01
   5.27594810193988e-01
   5.26498184481795e-01
   5.04903141058693e-01
   5.11289143634901e-01
   5.08434146425357e-01
   5.05700259387586e-01
   5.04293272372863e-01
   5.02614147846383e-01
   5.01193339307977e-01
   4.99660462932774e-01
   4.98185244353851e-01
   4.96699510379799e-01
   4.95231758612849e-01
   4.93775698899067e-01
   4.92329219582568e-01
   4.90885659356782e-01
   4.89436566520420e-01
   4.87975238264935e-01
   4.86510228215073e-01
   4.85114645241412e-01
   4.84064866775461e-01
   4.84361325372964e-01
   6.65571981249702e-01
   1.66107601130508e+00
   1.50186299026681e+00
   1.36579366847088e+00
   1.24722891096328e+00
   1.01734100440710e+00
   7.72716701609263e-01
   6.44392113940468e-01
   6.02699066981562e-01
   5.27952043790245e-01
   5.09830580497223e-01
   5.03199777017514e-01
   4.99327367241888e-01
   4.96186661100376e-01
   4.93161011764710e-01
   4.90283626701233e-01
   4.87564646127652e-01
   4.84997607070788e-01
   4.82572564317672e-01
   4.80278046706899e-01
   4.78102089228741e-01
   4.76033078981572e-01
   4.74060484484602e-01
   4.72175374987759e-01
   4.70370648355603e-01
   4.68640980609566e-01
   4.66982591487831e-01
   4.65392925175767e-01
   4.63870290704388e-01
   4.62413453689310e-01
   4.61021159409298e-01
   4.59691594591608e-01
   4.58421841482364e-01
   4.57207424034552e-01
   4.56042073109323e-01
   4.54917821228397e-01
   4.53825461354335e-01
   4.52755285061650e-01
   4.51697909012036e-01
   4.50644965441630e-01
   4.49589489690352e-01
   4.48525952011288e-01
   4.47450018075458e-01
   4.46358331130777e-01
   4.45249146590281e-01
   4.44126292448398e-01
   4.43013508314744e-01
   4.41993154249956e-01
   4.41215627456364e-01
   4.40575767624692e-01
   4.41421618816806e-01
   4.41936546936584e-01
   4.38690682139469e-01
   4.50674425585631e-01
   4.39559806368124e-01
   4.32689433829395e-01
   4.47195850746141e-01
   4.32648636133290e-01
   4.28461104174150e-01
   4.33267159255256e-01
   4.28785001362214e-01
   1.44044625293875e+00
   2.45949578687619e+00
   1.90891750434000e+00
   1.68381462111390e+00
   1.49224123371657e+00
   1.30706727975731e+00
   1.13402920930752e+00
   1.06520100168925e+00
   1.00133422318412e+00
   9.24853368975820e-01
   8.20015823388656e-01
   5.69196800216192e-01
   1.15048919757277e+00
   7.96254801858582e-01
   6.12020732666368e-01
   5.18758576953452e-01
   4.94227608605144e-01
   4.80180141304243e-01
   4.70287221576563e-01
   4.62548182431729e-01
   4.55874789695666e-01
   4.50153831487784e-01
   4.44909850509080e-01
   4.39905584583925e-01
   4.35042621735469e-01
   4.30458961204320e-01
   4.26693320771921e-01
   4.19681830295429e-01
   4.37894517212170e-01
   4.26341233686091e-01
   1.18632611381388e+00
   9.34260955572763e-01
   7.77415233135763e-01
   5.66328058127266e-01
   5.25740588593584e-01
   4.78260160599804e-01
   4.50363691064062e-01
   4.37167355215505e-01
   4.28514097526506e-01
   4.21896283959323e-01
   4.16467428305991e-01
   4.11801771574562e-01
   4.07698140312848e-01
   4.04092710698656e-01
   4.00945818676675e-01
   3.98212090768168e-01
   3.95874830001665e-01
   3.94035218311467e-01
   3.92857918779702e-01
   3.92521509632740e-01
   3.92789062329747e-01
   6.13960070349197e-01
   6.89438787957347e-01
   7.90482430530939e-01
   5.39562016538573e-01
   5.02264793883584e-01
   4.88890447136587e-01
   4.77183750079496e-01
   4.65322017912563e-01
   4.52480777655096e-01
   4.37747237494530e-01
   4.22946625745523e-01
   4.12004388566381e-01
   4.04293962635354e-01
   3.98029522506285e-01
   3.92152367447306e-01
   3.86888644569969e-01
   3.82804212106673e-01
   3.79567119050772e-01
   3.76748983741553e-01
   3.74179047347506e-01
   3.71764307900460e-01
   3.69462868612087e-01
   3.67235230186956e-01
   3.65065388241220e-01
   3.62914891574045e-01
   3.60801861841513e-01
   3.58606121000896e-01
   3.56839634438587e-01
   3.53257156853390e-01
   4.12789976660888e-01
   3.70864455743817e-01
   3.68307109993555e-01
   3.65332501715239e-01
   3.60348126582056e-01
   3.43194982500970e-01
   2.20574880937968e+00
   2.52572442352611e+00
   1.12526363856231e+00
   7.97132039817986e-01
   9.82634057903984e-01
   7.03367258326823e-01
   6.63931836084449e-01
   6.47119415593796e-01
   6.28013136828237e-01
   5.88698728525547e-01
   5.56034604495404e-01
   5.69205804160718e-01
   4.54479638309367e-01
   4.34159497550152e-01
   4.20080701520001e-01
   1.16805134547023e+00
   1.03567988285963e+00
   7.82413263372270e-01
   7.30911970741819e-01
   7.08483628288412e-01
   6.90372673628456e-01
   6.73721998404029e-01
   6.57920826884509e-01
   6.42556895750637e-01
   6.27291876921026e-01
   6.11856065915747e-01
   5.96028619543676e-01
   5.79626308759885e-01
   5.62517104176850e-01
   5.44650436254488e-01
   5.26055453670478e-01
   5.06763455202292e-01
   4.86816668682241e-01
   4.66355945085401e-01
   4.46378309269254e-01
   4.30855975107338e-01
   4.20345365484598e-01
   4.13699764907699e-01
   4.09641766360994e-01
   4.07391213839651e-01
   4.06803241986494e-01
   4.08807108810092e-01
   4.16858566752379e-01
   4.44202071237111e-01
   4.87512855604036e-01
   4.24048340397880e-01
   3.57405797856971e-01
   3.29051193590399e-01
   3.79895367069857e-01
   9.25592930317062e-01
   8.70028972040166e-01
   4.40730666203722e-01
   4.11644787929854e-01
   3.82345729168339e-01
   3.26593321579731e-01
   2.91914951588347e-01
   2.84012302090248e-01
   2.73555158794967e-01
   2.77748092303499e-01
   2.89418962728079e-01
   3.73545175396164e-01
   4.64148286310303e-01
   3.33382359752921e-01
   2.68329439843991e-01
   2.80904752553098e-01
   2.62103360301655e-01
   3.16572026904185e-01
   2.81519869857395e-01
   2.45253553749654e-01
   2.45532260634680e-01
   2.09608494834556e-01
   3.39512308577478e-01
   3.24698636153317e-01
   2.40349910140125e-01
   2.26698991992520e-01
   1.93897287475253e-01
   1.75621042768954e-01
   1.61232661126953e-01
   1.57595123196084e-01
   1.37480851319259e-01
   1.33426660500173e-01
   1.24997329814085e-01
   1.18672439252766e-01
   1.14540966447522e-01
   1.10457566330792e-01
   1.07058758412438e-01
   1.03954433502192e-01
   1.01067726107246e-01
   9.84958717517968e-02
   9.63864148405877e-02
   9.49631759618735e-02
   9.42907438118614e-02
   9.35389363731902e-02
   9.10437374021649e-02
   8.51523147582286e-02
   7.97982638027113e-02
   7.93395463207344e-02
   7.90081660834305e-02
   7.64306020364828e-02
   6.75641212527662e-02
   6.80593758892531e-02
   6.74009356662679e-02
   6.36158822292065e-02
   5.58376413646294e-02
   5.80149292221859e-02
   5.48379522455811e-02
   5.05535762200443e-02
   4.73316580960060e-02
   4.68338811922084e-02
   4.46293556086313e-02
