  -5.79327995551252e-02  -5.60743034439295e-01   2.17397934970495e-01   1.11284130797261e-01  -1.67273122109729e-01  -1.74720586757754e-01   4.04972033911067e-01  -3.09231148085788e-01  -7.65723616628262e-02  -1.84493410956530e-01  -2.13366271902745e-03   1.35409917613619e-02   2.41308318436271e-01  -1.37733191231910e-01  -1.03606903402669e-01  -3.49171520316253e-02  -2.94257302921152e-01
  -2.12231084950349e-01  -7.05421868660710e-02  -5.54400352679311e-02   4.41852857660465e-01  -4.40564022717614e-02  -2.88428064045693e-01   3.81389291351279e-01   2.37626865150283e-01   1.69688005142489e-01  -1.70911072588581e-01   4.29934326537505e-03  -1.67679213785823e-01  -8.75729387397278e-01   1.66630048687192e-01   1.29979688214985e-01   3.50267508163937e-02   1.33294385087693e-01
   1.63971955321057e-01  -3.68872015954859e-01   3.34405180636345e-01   8.34098490909019e-02  -1.96876704229910e-02  -8.01936351046476e-02   3.35940342448303e-01  -1.02889293935879e-01   2.30730524834672e-01  -1.47330322977720e-01   9.82322105343087e-03   3.50681720583504e-01   2.24620924138391e-01   7.45970083160408e-02  -2.16324634151881e-01  -6.91607248885419e-03  -2.71867105149981e-01
   3.10132799594385e-01  -1.75341389948381e-01   3.23405866987552e-01  -3.41499728691881e-02   1.13648037813661e-01   2.50324705348144e-01   2.40659179358333e-01  -4.89656571248680e-02   3.64638034389709e-01  -2.12268158289586e-02   5.97349746641192e-03   4.53172792361505e-01   5.47931113913363e-01   1.34525324692728e-02  -2.11361413159764e-01  -1.71433980868467e-02  -3.63233594257641e-01
   1.15066442801787e-01  -5.42048452254277e-01   3.25323619483963e-01   1.28666676827270e-01  -6.81001625800713e-03  -2.11408313693562e-01   3.85965368296583e-01  -3.43241375325881e-01  -6.61961001525658e-02  -1.95963928307780e-01   9.29752771595600e-03  -6.47845462475156e-03   4.60791691985135e-01  -5.59165917914562e-02  -1.04938004828578e-01  -2.55581759170041e-02  -2.45235330391970e-01
  -2.29902478789163e-02   1.46137749452851e-01  -7.63952661136260e-02  -1.04638526643485e-01   3.66357097483645e-02   1.20556487203991e-01  -1.92445720949478e-01   4.21311532906144e-03  -5.07209527463221e-02   8.45576536241482e-02   7.72682131380259e-03   1.01196525726594e-01   9.76062149935434e-02   1.11208306092991e-02  -1.39637410497581e-01  -1.38007427419568e-03   6.88196553513163e-02
   3.42444416057452e-02  -1.32207664724289e-01   7.53200140866178e-02   4.30147633272376e-02   4.17683201480044e-02  -6.96858720786908e-02   1.36030479711706e-01  -9.92857044087097e-02  -3.26304802548322e-02  -5.98077200735285e-02  -2.12899179938392e-02   1.33475320177770e-02   1.85031042172191e-01  -1.32208055471267e-02  -3.55604558715866e-02  -7.43453198672324e-03  -1.04478587028484e-01
   6.02618227566543e-02  -1.67101608648385e-01   9.80866599194997e-02   5.71286840053904e-02  -1.08431758488881e-02  -1.07213629522024e-01   1.48695700959851e-01  -1.10935243739983e-01  -3.28156242903834e-02  -2.85513509365610e-02  -2.11170237263696e-03  -2.15713529472290e-02   1.93190810460249e-01  -1.80323092659762e-02   1.08343487323281e-01  -1.83251085975980e-03  -8.49470964023437e-02
   1.19798302992955e-01   1.07379125547178e-01   1.80373561118752e-02  -2.82242859355469e-01   1.12978461467921e-01   1.83678686725840e-01  -2.49256552185092e-01  -1.37561154863923e-01  -1.04345448057629e-01   1.32762825147143e-01   1.23032214433417e-02   2.02509885997149e-01   5.97054795744955e-01  -9.38839453299917e-02  -1.82772081359524e-01  -3.42681306774819e-02  -6.52173023242867e-02
   3.55039490755802e-03   5.51600289824028e-01  -2.31741141998125e-01  -7.35909057268681e-02   2.12068256490196e-01   1.94510986884127e-01  -3.81961008684126e-01   3.06631888331717e-01  -2.87979479066440e-02   1.82180564188860e-01   1.47617543710288e-03  -2.31130900585947e-01  -2.76158072662883e-01   6.86556679554722e-02   1.77183680168970e-01   2.09330762373845e-02   3.56520375597281e-01
  -4.29753261665166e-02   3.55055130476239e-01  -2.12803235352675e-01  -1.48556918947564e-01   2.48370672637767e-02   2.71449837945275e-01  -3.95072081451337e-01   1.31219161258821e-01  -7.37138226276905e-02   1.78371597490463e-01   9.50615877230133e-03  -6.57109094689398e-02  -1.98323737900399e-01  -5.25058018942520e-02   2.48505835098965e-01   4.23877545763919e-02   1.38245828340812e-01
  -6.52969174323519e-02   4.96268977359861e-01  -3.28704811373848e-01  -3.04333040259854e-01   8.05150354628858e-02   3.52863329877845e-01  -3.99635194845340e-01   1.90699291159979e-01   2.76172016685281e-02   2.14856491321112e-01   1.93803618619257e-02   1.94998165884469e-01  -1.28473996103995e-01  -2.75943645320802e-02  -3.23564463424950e-02   1.91522464387654e-02   9.83855176893390e-02
  -8.57373911061021e-02   2.54309541613164e-01  -1.30634416027296e-01  -8.67781833602244e-03  -5.44205792701811e-02   7.21156768182031e-02  -2.16873744416052e-01   2.79093285144598e-01   1.03759841107654e-02   3.66871792767708e-02   4.71552637220837e-03  -1.64637953246473e-01  -4.69676044820750e-01   4.16186456154907e-02   1.66998399878624e-01   1.71097809089354e-02   2.22697907298323e-01
   1.25100214463078e-01   8.83850398855511e-02  -5.92699369485281e-03  -3.28277674171543e-01   9.21882898264707e-02   1.98595630084758e-01   3.09095867100957e-02  -2.67612117278158e-02   1.98282827144150e-01   9.58710455455986e-02  -6.20400633293839e-03   5.08434462613443e-01   6.66241620063597e-01  -9.70926556053088e-02  -3.99956273315918e-01  -8.50203988543290e-03  -3.90070364863006e-01
  -1.35327859544500e-02   2.02243674888293e-01  -1.35081511420064e-01  -1.12937007719006e-01  -6.46026634075157e-02   9.65385815699247e-02  -2.30449584339161e-01   1.05544340363416e-01  -5.18662472135896e-02   8.92334541402418e-02   1.42939052786029e-02  -1.33021249339473e-02  -1.16312616394157e-01  -2.91281611186285e-02   1.72418372636863e-01   2.23521323978544e-02   9.65131981277672e-02
   2.21433449265093e-01  -1.81657630419193e-01   2.74879275783902e-01  -6.65783364858454e-03   6.11643659978027e-02   1.68256040943516e-01   2.30936996603918e-01  -6.63086528804609e-02   2.86913295801201e-01  -2.55706889737287e-02  -3.07617942491655e-03   3.77786606277056e-01   4.61968090554567e-01   1.94952935087349e-02  -1.40424897813563e-01  -6.13515475153290e-03  -2.66563802040066e-01
   1.10952690444420e-01  -2.45134175715523e-01   2.01646654975499e-01   4.66701063357182e-02   3.68210312125548e-03  -6.78164238860384e-02   2.37366975234250e-01  -1.55355465226764e-01   7.23274028522088e-02  -7.66481677327419e-02   1.11685512874552e-04   6.95294598562792e-02   2.78103084463096e-01  -1.63792846044847e-02  -1.99755432473943e-01  -1.47645804549146e-02  -1.59254449893235e-01
  -9.78185515227256e-02   5.34551459981170e-01  -3.87787743800635e-01  -2.71939067109977e-01  -1.68310158150821e-02   4.78807004277117e-01  -4.48349894331801e-01   2.12398656702914e-01  -5.90272261314303e-03   2.52627022897767e-01  -7.65983022770899e-03   2.50074294808958e-02  -3.45092446941799e-01  -7.45367559095298e-02   1.34000027067824e-01   5.35538063787654e-03   1.14107521032428e-01
   1.98288868086186e-02   1.23096512368269e-01  -7.38303407511943e-02  -1.62277833883123e-01   8.72241765203322e-02   1.54859957734415e-01  -1.92482276967909e-01  -4.64342193888500e-02  -1.81323313772843e-02   9.62880993558478e-02   1.81021903359715e-03   1.47164082362878e-01   1.80225011609651e-01  -2.30315237064233e-02  -2.14147060766518e-01  -3.00230336351801e-03   5.40652150073349e-03
  -8.27862247653654e-04   3.99490272178700e-01  -2.61674629591467e-01  -2.60913231937753e-01   3.12127312183589e-02   2.45365738591558e-01  -4.23576215783753e-01   1.07010698347719e-01  -1.72728752999329e-02   2.24873534558810e-01   4.33782078540142e-04   1.32868113424994e-01   4.32349831679876e-02  -7.01515138521671e-02   9.99778015013979e-02   1.42437556689573e-02   1.12430169144779e-01
   2.77074418098467e-02   3.57682002864645e-01  -2.08463255394769e-01  -3.18470674008688e-01   1.25130645238834e-01   2.80160034009297e-01  -4.37274520220224e-01  -5.87106525272441e-02  -1.03594972219365e-01   2.56906490090604e-01  -3.55422320595997e-03   2.49183162914185e-01   4.90038487451760e-01  -5.63749168789243e-02  -9.22410594731792e-02  -1.94424595612527e-02   3.71232426502908e-02
   3.69042911976603e-03   1.68240449280567e-01  -9.90643692772135e-02  -1.21626409638067e-01  -4.63866982567107e-02   3.05635693331412e-02  -1.55577089436231e-01   9.45830329265658e-02   1.66329438347724e-02   9.41542602378222e-02   9.65986989020807e-03   6.27532363020365e-02   2.62804928456310e-02  -2.21338748259739e-02   1.36456743855660e-01  -3.91752724865214e-03   1.14532834004497e-03
  -7.34399523607143e-03   1.32881813971142e-01  -1.18204626980416e-01  -1.11980434179269e-01  -2.60921492365445e-02   1.19259800790459e-01  -1.69614608607889e-01  -4.07079020811275e-02  -7.62743259012976e-02   8.64236818556626e-02  -5.86750171208175e-03   6.26938487947463e-02   6.71798157409737e-02  -3.57998937145437e-02   9.50734146181885e-02   6.18813467926300e-03   3.53770143034489e-02
  -1.19929912051437e-01   1.54306372531153e-01  -2.03621181840983e-01   4.05310898817111e-02  -5.64593060435371e-02   1.15664804985985e-02  -8.67242203789628e-02   9.97209088735417e-02  -6.59842226891464e-02   5.92306459438635e-02  -5.01345738456263e-03  -5.22441310801305e-02  -3.07165277461457e-01   2.16167805477636e-03   2.41758263216962e-01   9.57517478815511e-03   1.01293948811534e-01
  -2.27157342252992e-01   9.75144030211495e-02  -1.39292945404421e-01   1.85638381167748e-01   1.44848966253227e-02  -5.29030725262791e-02   1.58056512273813e-01   2.67273557056276e-01   1.69341569814476e-01  -6.14080284695041e-02  -1.08706819868428e-02  -4.21096900094380e-03  -6.27712047318405e-01   1.31309178911476e-01  -1.85160907512317e-01   3.39304981997599e-02   1.15182075289691e-01
  -2.00223147001282e-02   2.41516811151426e-01  -8.74490810586517e-02  -5.48166373097737e-02  -5.01358595920318e-02   5.69668357723316e-02  -3.00208585733996e-01   1.88807037719098e-01  -5.33052683900442e-02   3.82844224171896e-02   1.87099084925620e-03  -1.75758351694294e-01  -3.02657334592618e-01   2.68809596544672e-02   1.59396782516907e-01   1.24079437832176e-02   2.17997534674624e-01
   2.93876519354341e-02   1.68217228651610e-01  -7.31019053415093e-02  -2.07407668376577e-01   1.92056059941911e-01   1.75677300712059e-01  -1.98841098193155e-01  -6.42812085793397e-02  -8.53107300641496e-02   1.40354476033613e-01   2.12918044586590e-02   2.66886115982611e-01   5.03168441818636e-01  -5.26952425652498e-02  -2.18828826971420e-01  -6.95734649211918e-03  -3.18528474066034e-02
  -1.66963461373565e-01   1.08916224167791e-01  -1.71365088027310e-01   1.74835704063735e-01  -5.87796913692838e-02  -6.07504024584622e-02   8.77576996196461e-02   1.76065307154779e-01   2.03501007884831e-02  -3.13666785877687e-02  -7.44871112067132e-03  -1.28194849766863e-01  -5.42530583832684e-01   6.71840246953792e-02   1.69925535778308e-01   3.30107905508770e-02   9.90302824141548e-02
  -5.39423785061610e-03  -5.09533416234273e-02   1.21634629135176e-02   1.07578446420239e-01  -4.42145948436131e-02  -3.95036077348650e-02   6.35242014055101e-02   1.34932566339983e-02  -3.44605643764668e-02  -1.82137945521492e-02  -9.42650950722953e-03  -1.77015117830563e-01  -1.28604952638609e-01  -2.62360708998072e-02   3.24029349183509e-01   1.64652911728751e-04   2.01078244413290e-03
   6.97118711392311e-02   1.26657380539875e-01  -3.98147325100152e-02  -1.75273915400209e-01   1.39230564750303e-01   1.70336616156490e-01  -1.50398330331546e-01  -6.41961349387137e-02  -7.58839831944512e-02   8.99966753880332e-02  -1.23350893851519e-02   1.69732390113125e-01   3.21732597457825e-01  -2.21571566884213e-02  -2.30096150342458e-01  -9.83548393049172e-03  -3.85860784969615e-02
   2.42357474356871e-01  -5.99928938934949e-01   5.54290176550613e-01   2.63878924049409e-01  -2.07403955704213e-01  -2.70568898094283e-01   3.87506404307781e-01  -1.96915844423872e-01   5.90063064173720e-02  -2.75860358708608e-01   1.19479598902305e-02  -4.76470036089455e-01  -1.32426031143494e-02  -1.12450703225631e-01   3.47816638105297e-01  -2.08257769925704e-02  -1.28105853688898e-01
  -2.03918350017334e-03  -1.45190043630441e-01   1.23682934602547e-01   1.22967885188103e-01   1.64322930865709e-02  -1.25683523245493e-01   1.98733637825658e-01  -3.11930506740546e-02   2.08571681336664e-02  -1.09073238125431e-01   5.46004364815505e-03  -1.02807258478634e-01  -3.67878382129596e-02   2.01748445578396e-02  -6.03137812048802e-02   6.24639691283320e-03  -3.13492813741283e-02
  -1.65874143205811e-01   3.76163284381978e-01  -2.95242364707464e-01  -6.29749725439396e-02  -2.19116520929066e-02   1.95368306182223e-01  -2.67520858701836e-01   2.06528180125313e-01  -1.96345037953791e-02   1.48002257102381e-01   3.95507270967711e-03   1.71490846927621e-02  -3.54070080530060e-01   1.42212510707801e-02   1.55798349757638e-01   1.59750943056433e-02   1.59920710277124e-01
   1.30361465716280e-01  -2.23696882778121e-01   2.83441211597629e-01   1.10710238419110e-01  -1.09189579701242e-01  -2.22917856631188e-01   1.30307060746121e-01  -4.15295254341443e-02  -4.21463378763762e-03  -1.24497289523339e-01  -1.27582720603673e-02  -2.32712875122742e-01   1.84989773989255e-02  -2.17673601406399e-02   1.87374509266963e-01  -1.82202509931818e-02  -5.51375928611467e-02
   1.22692122686136e-01  -7.40857926248793e-02   1.29210854660355e-01  -3.47214877291386e-02  -7.50044725805719e-02  -8.76808608146967e-02   3.63315734150582e-03  -6.33250909226886e-02   2.10269164228767e-02  -2.44805054082976e-02  -7.71364529781359e-03  -5.65533809355820e-03   2.60433375817176e-01  -1.13600937417470e-02   7.94470324600306e-02  -1.50762508278065e-02  -7.93598295662053e-02
  -1.40638496375910e-01  -9.21776620192332e-02  -4.72483383797454e-02   5.05523368055535e-01  -5.29715686201022e-02  -4.18332400025513e-01   1.64937248031177e-01   5.19661405583150e-04  -1.56005086795582e-01  -1.57423421373598e-01  -7.49690044084972e-03  -7.04473234489187e-01  -1.20807255506466e+00   1.04901118177783e-01   4.68314997413102e-01   6.85889275381133e-03   4.39299640878391e-01
   1.74183960102211e-01  -1.29099629082574e-01   1.75413674807202e-01  -2.41463655030428e-01   4.64550262962833e-02   7.84837629967535e-02   8.30655041032225e-02  -6.09542437156600e-02   2.15331068363092e-01  -4.97429479918517e-03  -6.38635774536720e-03   4.50655890605696e-01   6.00366872886101e-01  -6.38462286180663e-02  -4.34761482086717e-01  -2.04360248310305e-03  -3.67877811267335e-01
   1.37235377298650e-01  -8.31965134973625e-02   8.53835613170352e-02  -7.98274018078547e-02  -3.59675114638044e-02   1.53543115219462e-02  -1.04160703143427e-02  -1.52401620711632e-01  -8.45960765181042e-02   3.17007463395684e-02  -1.55937561984215e-02   2.78368316823492e-02   3.17331395461233e-01  -5.02327535785897e-02   2.03974025540518e-02  -2.93004996142137e-02  -8.32775577764753e-02
  -2.10698942137254e-01   1.80912142948366e-01  -2.79081534771544e-01  -7.67211763751812e-02  -5.22351369043941e-02  -1.06591065480743e-01  -2.64761988830953e-01   4.93530813004469e-02  -2.77765599452763e-01   8.29429520782544e-02  -5.12392876604515e-03  -3.47541477898180e-01  -2.46328585116690e-01  -7.48730636099724e-02   2.50186666923524e-01   1.73306385530926e-02   2.41923574442614e-01
  -2.23665059954577e-02  -1.80637732807594e-01   4.90625697188696e-02   8.97417380702702e-02   9.08854799213825e-02  -1.58463696180229e-02   2.59605420416385e-01  -1.61543764778817e-01   8.20877638621117e-04  -6.81153670823892e-02  -1.24755130613275e-02   9.59679676709742e-02   5.90413307864816e-02   1.43447347083990e-02  -2.33673485674570e-01  -2.03957218755118e-02  -1.19502203404413e-01
  -1.02753474093722e-01   2.32594531908187e-01  -1.06518007143065e-01   4.66308026967223e-02  -1.69457558473535e-02   3.95012014651164e-02  -1.00036213191144e-01   2.57632118521728e-01   1.11244345302908e-01   4.18909960052111e-02   1.23761185591733e-02  -3.63106788877931e-02  -4.41883086715796e-01   6.63106655674622e-02   6.08263152438873e-02   2.05945695650149e-02   1.20560839425805e-01
  -7.22918698757083e-02  -2.53058535292105e-02  -3.06223419517862e-02   2.36190250890995e-01  -8.76038678533519e-02  -1.34411548243606e-01   2.06800943534961e-02   7.89835390380655e-03  -1.28572079536681e-01  -8.06389833399643e-02  -1.64215205769578e-02  -5.85122361647504e-01  -5.85823750532168e-01  -1.34750910090046e-02   5.33393832788212e-01   2.54630361162951e-02   2.58419659508710e-01
  -1.13518911895044e-01   4.99343426844144e-01  -3.37591050883111e-01  -1.82641093431519e-01  -1.75809890330836e-02   2.66574497657708e-01  -3.59726493040913e-01   2.68297299267537e-01   8.85361064510674e-02   1.89891801381125e-01  -9.35882823765835e-03   9.20732419687753e-02  -3.62497942244155e-01   1.74113160055665e-02  -1.62828348144279e-02   2.04669839678995e-02   1.46083476801715e-01
   1.09580824091900e-02  -2.29708229731779e-01   1.33091169844529e-01   1.50585456556145e-01   8.62579894291405e-02  -1.39549128008071e-01   2.59177149074435e-01  -1.12560299044900e-01  -7.25818064694586e-03  -1.14591980553135e-01  -1.35325638761844e-02  -9.76805109448027e-02   4.39547000707147e-02   1.99615467647011e-02  -9.75554928460408e-02  -5.09375984590328e-03  -4.42611211150967e-02
  -3.15009858793684e-02   3.81427820834662e-01  -2.25853392961421e-01  -2.10029679064631e-01  -2.58806905363083e-02   2.87088447908147e-01  -3.54935811322392e-01   1.49877395601270e-01   7.73398790991624e-03   1.64385768670419e-01  -5.64204944021096e-03   7.65780621808498e-02  -1.72590308896392e-01  -4.40352096093566e-02   6.12304186959065e-02  -1.57419330067031e-02   9.42373470477917e-02
  -8.08968217659918e-02  -2.62418221368636e-01   1.02852779913076e-01   2.42163871413421e-01   4.59495255951134e-02  -1.99888199435712e-01   3.81537368463916e-01  -5.48965946276306e-02   2.12454781702728e-02  -1.50701342456117e-01   2.94999182286196e-03  -1.09546056331602e-01  -1.45475110717796e-01   5.85108115528448e-02  -1.18715557552645e-02   9.61517885597861e-03  -5.55001980885005e-02
   3.57735383510006e-02   2.75941004304871e-01  -8.53881156607843e-02  -1.35759735430935e-01   4.01534108665197e-02   1.13469801856499e-01  -3.03903033145613e-01   1.23654966243944e-01  -4.60330351364274e-02   1.15281253553652e-01   7.79022677785561e-03  -1.02229352586276e-01  -5.03804700199168e-03  -3.31906004219098e-02   1.12271195959619e-01   2.33352775671513e-02   1.43405565453499e-01
   1.38469007937185e-01  -6.32421148517627e-01   4.87131692852043e-01   3.44762815478452e-01  -8.03062150031418e-02  -4.75491115970399e-01   4.76868568254705e-01  -2.14354666039690e-01  -3.80306188472312e-03  -2.70955151517569e-01  -1.55861868171022e-02  -2.85283358169061e-01   2.19626640426463e-01   1.49529252394663e-02   4.11336535865838e-02  -7.91699982585471e-03  -1.08686956439945e-01
  -1.27292792422026e-01   1.09427314092977e-02  -1.42149154641935e-01  -8.96065983635458e-02  -5.08220719841908e-02  -1.30252677596662e-01  -1.76160483281075e-01  -6.51055810400926e-02  -2.66117990791985e-01   6.58513958804312e-02   2.04883043615172e-03  -2.83235649299320e-01   2.11851739116563e-03  -1.87147917096413e-01   3.81078903417212e-01   6.09155406907999e-04   1.60307451395593e-02
  -1.72229043938398e-01   8.56571363016258e-02  -9.25928729666372e-02   1.37492017298713e-01   4.12999775120492e-02  -3.04527461336981e-02   9.59814178051071e-02   1.95199904768603e-01   8.78856237395437e-02  -5.10139005801564e-02   3.42055184891483e-03  -3.98988549767990e-02  -4.04840835195985e-01   1.12234836336672e-01  -8.05764290256811e-02   2.24641544639801e-02   1.20742455557126e-01
