   1.57894736842105e-01
   4.21052631578947e-01
   3.68421052631579e-01
   2.63157894736842e-01
   4.21052631578947e-01
   3.68421052631579e-01
   5.26315789473684e-01
   4.73684210526316e-01
   4.73684210526316e-01
   4.73684210526316e-01
   4.73684210526316e-01
   5.26315789473684e-01
   4.21052631578947e-01
   3.68421052631579e-01
   4.73684210526316e-01
   4.73684210526316e-01
   4.21052631578947e-01
   4.21052631578947e-01
   4.73684210526316e-01
   5.26315789473684e-01
   5.26315789473684e-01
   5.26315789473684e-01
   5.26315789473684e-01
   5.26315789473684e-01
   5.26315789473684e-01
   5.26315789473684e-01
   5.26315789473684e-01
   5.26315789473684e-01
   5.78947368421053e-01
   5.78947368421053e-01
   5.78947368421053e-01
   5.78947368421053e-01
   6.31578947368421e-01
   6.31578947368421e-01
   6.84210526315789e-01
   5.78947368421053e-01
   7.36842105263158e-01
   6.31578947368421e-01
   5.78947368421053e-01
   8.42105263157895e-01
   7.89473684210526e-01
   6.84210526315789e-01
   7.36842105263158e-01
   8.42105263157895e-01
   8.42105263157895e-01
   7.36842105263158e-01
   6.84210526315789e-01
   6.84210526315789e-01
   6.84210526315789e-01
   6.31578947368421e-01
   7.36842105263158e-01
   7.36842105263158e-01
   7.36842105263158e-01
   7.89473684210526e-01
   7.89473684210526e-01
   7.36842105263158e-01
   7.89473684210526e-01
   7.89473684210526e-01
   7.89473684210526e-01
   7.89473684210526e-01
   7.89473684210526e-01
   7.89473684210526e-01
   7.89473684210526e-01
   7.89473684210526e-01
   8.42105263157895e-01
   7.89473684210526e-01
   8.42105263157895e-01
   8.94736842105263e-01
   8.42105263157895e-01
   7.89473684210526e-01
   8.42105263157895e-01
   8.42105263157895e-01
   8.42105263157895e-01
   8.94736842105263e-01
   8.42105263157895e-01
   8.94736842105263e-01
   8.94736842105263e-01
   8.94736842105263e-01
   8.94736842105263e-01
   8.94736842105263e-01
   8.94736842105263e-01
   8.94736842105263e-01
   8.94736842105263e-01
   8.94736842105263e-01
   8.94736842105263e-01
   8.94736842105263e-01
   8.94736842105263e-01
   8.94736842105263e-01
   8.94736842105263e-01
   8.94736842105263e-01
   8.94736842105263e-01
   8.94736842105263e-01
   8.94736842105263e-01
   8.94736842105263e-01
   8.94736842105263e-01
   8.94736842105263e-01
   8.94736842105263e-01
   8.94736842105263e-01
   9.47368421052632e-01
   8.94736842105263e-01
   6.84210526315789e-01
   8.94736842105263e-01
   8.42105263157895e-01
   7.89473684210526e-01
   8.42105263157895e-01
   8.94736842105263e-01
   8.94736842105263e-01
   8.94736842105263e-01
   8.94736842105263e-01
   8.94736842105263e-01
   8.94736842105263e-01
   8.94736842105263e-01
   8.94736842105263e-01
   8.94736842105263e-01
   8.94736842105263e-01
   8.94736842105263e-01
   8.94736842105263e-01
   8.94736842105263e-01
   8.42105263157895e-01
   6.84210526315789e-01
   8.94736842105263e-01
   8.94736842105263e-01
   8.94736842105263e-01
   8.94736842105263e-01
   8.94736842105263e-01
   8.94736842105263e-01
   8.94736842105263e-01
   8.94736842105263e-01
   8.94736842105263e-01
   8.94736842105263e-01
   8.94736842105263e-01
   8.94736842105263e-01
   8.94736842105263e-01
   8.94736842105263e-01
   8.94736842105263e-01
   8.94736842105263e-01
   9.47368421052632e-01
   9.47368421052632e-01
   9.47368421052632e-01
   7.36842105263158e-01
   8.94736842105263e-01
   8.94736842105263e-01
   8.42105263157895e-01
   8.42105263157895e-01
   8.94736842105263e-01
   7.89473684210526e-01
   8.94736842105263e-01
   9.47368421052632e-01
   9.47368421052632e-01
   9.47368421052632e-01
   9.47368421052632e-01
   9.47368421052632e-01
   9.47368421052632e-01
   8.94736842105263e-01
   1.00000000000000e+00
   1.00000000000000e+00
   1.00000000000000e+00
   9.47368421052632e-01
   9.47368421052632e-01
   1.00000000000000e+00
   1.00000000000000e+00
   8.42105263157895e-01
   6.84210526315789e-01
   7.36842105263158e-01
   8.94736842105263e-01
   8.94736842105263e-01
   8.94736842105263e-01
   8.94736842105263e-01
   8.94736842105263e-01
   8.94736842105263e-01
   8.94736842105263e-01
   8.94736842105263e-01
   8.94736842105263e-01
   8.94736842105263e-01
   8.94736842105263e-01
   8.94736842105263e-01
   9.47368421052632e-01
   9.47368421052632e-01
   1.00000000000000e+00
   8.94736842105263e-01
   9.47368421052632e-01
   1.00000000000000e+00
   1.00000000000000e+00
   1.00000000000000e+00
   1.00000000000000e+00
   1.00000000000000e+00
   1.00000000000000e+00
   1.00000000000000e+00
   1.00000000000000e+00
   1.00000000000000e+00
   1.00000000000000e+00
   9.47368421052632e-01
   1.00000000000000e+00
   1.00000000000000e+00
   1.00000000000000e+00
   1.00000000000000e+00
   1.00000000000000e+00
   1.00000000000000e+00
   1.00000000000000e+00
   1.00000000000000e+00
   1.00000000000000e+00
   1.00000000000000e+00
   1.00000000000000e+00
   1.00000000000000e+00
   1.00000000000000e+00
   1.00000000000000e+00
   1.00000000000000e+00
   1.00000000000000e+00
   1.00000000000000e+00
   1.00000000000000e+00
   1.00000000000000e+00
   1.00000000000000e+00
   1.00000000000000e+00
   1.00000000000000e+00
   1.00000000000000e+00
   1.00000000000000e+00
   1.00000000000000e+00
   1.00000000000000e+00
   1.00000000000000e+00
   1.00000000000000e+00
   1.00000000000000e+00
   1.00000000000000e+00
   1.00000000000000e+00
   1.00000000000000e+00
   6.31578947368421e-01
   6.84210526315789e-01
   6.31578947368421e-01
   8.42105263157895e-01
   9.47368421052632e-01
   1.00000000000000e+00
   9.47368421052632e-01
   1.00000000000000e+00
   1.00000000000000e+00
   9.47368421052632e-01
   1.00000000000000e+00
   8.94736842105263e-01
   9.47368421052632e-01
   8.94736842105263e-01
   1.00000000000000e+00
   1.00000000000000e+00
   1.00000000000000e+00
   1.00000000000000e+00
   1.00000000000000e+00
   1.00000000000000e+00
   1.00000000000000e+00
   1.00000000000000e+00
   1.00000000000000e+00
   1.00000000000000e+00
   1.00000000000000e+00
   1.00000000000000e+00
   1.00000000000000e+00
   1.00000000000000e+00
   1.00000000000000e+00
   1.00000000000000e+00
   1.00000000000000e+00
   1.00000000000000e+00
   1.00000000000000e+00
   1.00000000000000e+00
   1.00000000000000e+00
   1.00000000000000e+00
   1.00000000000000e+00
   1.00000000000000e+00
   1.00000000000000e+00
   1.00000000000000e+00
   1.00000000000000e+00
   1.00000000000000e+00
   1.00000000000000e+00
   1.00000000000000e+00
   1.00000000000000e+00
   1.00000000000000e+00
   1.00000000000000e+00
   1.00000000000000e+00
   1.00000000000000e+00
   1.00000000000000e+00
   1.00000000000000e+00
   1.00000000000000e+00
   1.00000000000000e+00
   1.00000000000000e+00
   1.00000000000000e+00
   1.00000000000000e+00
   1.00000000000000e+00
   1.00000000000000e+00
   1.00000000000000e+00
   1.00000000000000e+00
   1.00000000000000e+00
   1.00000000000000e+00
   1.00000000000000e+00
   1.00000000000000e+00
   1.00000000000000e+00
   1.00000000000000e+00
   1.00000000000000e+00
   1.00000000000000e+00
   1.00000000000000e+00
   1.00000000000000e+00
   1.00000000000000e+00
   1.00000000000000e+00
   1.00000000000000e+00
   1.00000000000000e+00
   1.00000000000000e+00
   1.00000000000000e+00
   1.00000000000000e+00
   1.00000000000000e+00
   1.00000000000000e+00
   1.00000000000000e+00
   1.00000000000000e+00
   1.00000000000000e+00
   1.00000000000000e+00
   1.00000000000000e+00
   1.00000000000000e+00
   1.00000000000000e+00
   1.00000000000000e+00
   1.00000000000000e+00
   1.00000000000000e+00
   1.00000000000000e+00
   1.00000000000000e+00
   1.00000000000000e+00
   1.00000000000000e+00
   1.00000000000000e+00
   1.00000000000000e+00
   1.00000000000000e+00
   1.00000000000000e+00
   1.00000000000000e+00
   1.00000000000000e+00
   1.00000000000000e+00
   1.00000000000000e+00
   1.00000000000000e+00
   1.00000000000000e+00
   1.00000000000000e+00
   1.00000000000000e+00
   1.00000000000000e+00
   1.00000000000000e+00
   1.00000000000000e+00
   1.00000000000000e+00
   1.00000000000000e+00
   1.00000000000000e+00
   1.00000000000000e+00
   1.00000000000000e+00
   1.00000000000000e+00
   1.00000000000000e+00
   1.00000000000000e+00
   1.00000000000000e+00
   1.00000000000000e+00
   1.00000000000000e+00
   1.00000000000000e+00
   1.00000000000000e+00
   1.00000000000000e+00
   1.00000000000000e+00
   1.00000000000000e+00
   1.00000000000000e+00
   1.00000000000000e+00
   1.00000000000000e+00
   1.00000000000000e+00
   1.00000000000000e+00
   1.00000000000000e+00
   1.00000000000000e+00
   1.00000000000000e+00
   1.00000000000000e+00
   1.00000000000000e+00
   1.00000000000000e+00
   1.00000000000000e+00
   1.00000000000000e+00
   1.00000000000000e+00
   1.00000000000000e+00
   1.00000000000000e+00
   1.00000000000000e+00
   1.00000000000000e+00
   1.00000000000000e+00
   1.00000000000000e+00
   1.00000000000000e+00
   1.00000000000000e+00
   1.00000000000000e+00
   1.00000000000000e+00
   1.00000000000000e+00
   1.00000000000000e+00
   1.00000000000000e+00
   1.00000000000000e+00
   1.00000000000000e+00
   1.00000000000000e+00
   1.00000000000000e+00
   1.00000000000000e+00
   1.00000000000000e+00
   1.00000000000000e+00
   1.00000000000000e+00
   1.00000000000000e+00
   1.00000000000000e+00
   1.00000000000000e+00
   1.00000000000000e+00
   1.00000000000000e+00
   1.00000000000000e+00
   1.00000000000000e+00
   1.00000000000000e+00
   1.00000000000000e+00
   1.00000000000000e+00
   1.00000000000000e+00
   1.00000000000000e+00
   1.00000000000000e+00
   1.00000000000000e+00
   1.00000000000000e+00
   1.00000000000000e+00
   1.00000000000000e+00
   1.00000000000000e+00
   1.00000000000000e+00
   1.00000000000000e+00
   1.00000000000000e+00
   1.00000000000000e+00
   1.00000000000000e+00
   1.00000000000000e+00
   1.00000000000000e+00
   1.00000000000000e+00
   1.00000000000000e+00
   1.00000000000000e+00
   1.00000000000000e+00
   1.00000000000000e+00
   1.00000000000000e+00
   1.00000000000000e+00
   1.00000000000000e+00
   1.00000000000000e+00
   1.00000000000000e+00
   1.00000000000000e+00
   1.00000000000000e+00
   1.00000000000000e+00
   1.00000000000000e+00
   1.00000000000000e+00
   1.00000000000000e+00
   1.00000000000000e+00
   1.00000000000000e+00
   1.00000000000000e+00
   1.00000000000000e+00
   1.00000000000000e+00
   1.00000000000000e+00
   1.00000000000000e+00
   1.00000000000000e+00
   1.00000000000000e+00
   1.00000000000000e+00
   1.00000000000000e+00
   1.00000000000000e+00
   1.00000000000000e+00
   1.00000000000000e+00
   1.00000000000000e+00
   1.00000000000000e+00
   1.00000000000000e+00
   1.00000000000000e+00
   1.00000000000000e+00
   1.00000000000000e+00
   1.00000000000000e+00
   1.00000000000000e+00
   1.00000000000000e+00
   1.00000000000000e+00
   1.00000000000000e+00
   1.00000000000000e+00
   1.00000000000000e+00
   1.00000000000000e+00
   1.00000000000000e+00
   1.00000000000000e+00
   1.00000000000000e+00
   1.00000000000000e+00
   1.00000000000000e+00
   1.00000000000000e+00
   1.00000000000000e+00
   1.00000000000000e+00
   1.00000000000000e+00
   1.00000000000000e+00
   1.00000000000000e+00
   1.00000000000000e+00
   1.00000000000000e+00
   1.00000000000000e+00
   1.00000000000000e+00
   1.00000000000000e+00
   1.00000000000000e+00
   1.00000000000000e+00
   1.00000000000000e+00
   1.00000000000000e+00
   1.00000000000000e+00
   1.00000000000000e+00
   1.00000000000000e+00
   1.00000000000000e+00
   1.00000000000000e+00
   1.00000000000000e+00
   1.00000000000000e+00
   1.00000000000000e+00
   1.00000000000000e+00
   1.00000000000000e+00
   1.00000000000000e+00
   1.00000000000000e+00
   1.00000000000000e+00
   1.00000000000000e+00
   1.00000000000000e+00
   1.00000000000000e+00
   1.00000000000000e+00
   1.00000000000000e+00
   1.00000000000000e+00
   1.00000000000000e+00
   1.00000000000000e+00
   1.00000000000000e+00
   1.00000000000000e+00
   1.00000000000000e+00
   1.00000000000000e+00
   1.00000000000000e+00
   1.00000000000000e+00
   1.00000000000000e+00
   1.00000000000000e+00
