   3.28439431552213e-02
  -3.02455124409431e-02
  -5.01692748948642e-02
   1.11032970602642e-01
   1.01486072805468e-01
  -6.11046496941645e-03
  -4.98196191219138e-02
   9.65078818271133e-02
  -3.84942095780140e-02
  -6.85382221636571e-02
  -4.97487798953135e-02
   1.08615258257598e-01
  -4.49975640415901e-02
   3.20226736480125e-03
   7.26523119377210e-02
   3.89740314119438e-02
   7.00313142726574e-02
   8.10301647512781e-03
  -4.22275422305948e-02
   8.79642200975890e-02
  -4.15455874001971e-02
   8.90580348162573e-02
   1.16198300923091e-01
  -1.41572397888382e-02
  -5.52825799295267e-03
   3.55025312786504e-02
   8.73171964846352e-02
   4.84021197789644e-02
   5.11006241462479e-02
   4.11283891898392e-02
  -1.12498689126840e-05
  -1.39433942596611e-02
  -9.15015799367578e-02
  -7.59136577032469e-02
   8.02006358409896e-02
   5.69733464402448e-02
   3.17467870058375e-02
   1.86243201116703e-03
  -6.31464172626077e-02
  -5.52478492246525e-02
  -9.20919311966476e-02
   1.81846348610449e-02
  -2.15313723893394e-02
   6.12347511642617e-02
   3.80151526209293e-02
  -7.59608211631358e-02
   1.38206201359833e-01
   2.11171469184493e-02
   1.37560718357784e-01
   1.49610207763952e-02
  -5.88863407304220e-02
   2.65222930771338e-03
  -1.38173564217477e-02
   7.35802037223825e-02
  -1.34775381392638e-01
  -1.01234231550368e-02
   6.63493370971453e-02
   1.28082338692972e-01
  -4.47194527997292e-02
  -8.52760826284405e-02
  -6.31405773783482e-02
   1.54566679240402e-02
   4.61608171306240e-02
   9.21057513105198e-03
   5.54090130684595e-03
  -4.06446069191160e-02
  -4.32726752847605e-02
   8.28271206734601e-02
   5.04326624358629e-02
   4.91011128087666e-02
  -4.54957775459889e-02
   6.39711368565640e-02
  -5.37638451165505e-04
  -1.98395973226477e-02
   5.37619164453982e-02
  -1.59738807242534e-02
  -4.37413239026184e-02
  -4.97687721114073e-02
  -2.74720910981330e-02
   4.48263618182777e-02
   1.00118973920150e-01
   1.34229649707346e-02
   1.23883328713575e-01
   3.53580755194253e-02
   1.69079891961178e-01
   1.17522990625290e-02
  -1.69118986383697e-02
   4.93450391456624e-02
  -8.45709874577643e-02
  -7.92710481836263e-02
   2.44476930686607e-02
   1.27725337316855e-01
   9.00639148949401e-02
   4.46835567683439e-02
   1.59925778586277e-02
   2.05230999224425e-02
   2.75144359119418e-02
  -6.92699857922060e-02
  -8.24106327969187e-02
  -1.16524365843702e-02
