  -5.23604773744148e-01
   4.59181826034109e-02
  -5.31611256248286e-01
  -5.18488083155074e-01
  -1.91438840083678e-01
  -5.30103276839730e-01
   4.54364856153422e-01
  -1.91532561430286e-02
  -2.37794281428807e-01
   6.20097087385451e-01
  -1.58157179290240e-01
  -5.26878119393125e-01
   2.02417171492223e-01
  -5.27211977205712e-01
  -5.29223363569148e-01
  -1.19580484575030e-01
  -4.58779768055729e-02
   4.21145533951608e-02
  -5.27579415694773e-01
   9.81171608991215e-03
  -5.22509944970692e-01
  -5.31817493399411e-01
  -5.29128679984842e-01
  -5.30641843259764e-01
  -5.24243854481574e-01
  -5.26451541940171e-01
  -5.18111009114401e-01
  -5.22261565915584e-01
  -5.30137691910409e-01
   1.00660464557411e-01
