   3.90969927308251e+00
   4.23772907602917e+00
   4.30281316641569e+00
   4.05377772562029e+00
   3.29120887619933e+00
   2.85828142006239e+00
   2.51705057440082e+00
   2.38070854113551e+00
   2.27492679379353e+00
   2.20463363872888e+00
   2.14672863490029e+00
   2.08781242952828e+00
   2.07268898415784e+00
   2.06124181032122e+00
   2.03474440007674e+00
   1.94939165500264e+00
   1.90920885521983e+00
   1.87943373585459e+00
   1.84229906886539e+00
   1.91054194706086e+00
   1.85286288426741e+00
   1.96365059176274e+00
   2.60984588736662e+00
   3.43497581505675e+00
   2.38617922017321e+00
   2.18544690687500e+00
   2.21179064322308e+00
   1.99903765069116e+00
   1.96322955281889e+00
   1.86450026723746e+00
   1.78498832902986e+00
   1.72992248245305e+00
   1.68667356084284e+00
   1.66320342196909e+00
   1.58835187192115e+00
   1.54436594086561e+00
   1.51208707456018e+00
   1.48662996992858e+00
   1.46600788630938e+00
   1.45135798067173e+00
   1.43892120632215e+00
   1.41292286741492e+00
   1.38131498054537e+00
   1.36505372983674e+00
   1.35662765334655e+00
   1.34109283641264e+00
   1.34487608953909e+00
   1.26693331283516e+00
   1.24282323622082e+00
   1.20584054236796e+00
   1.18171091612626e+00
   1.16303541408414e+00
   1.14555051140514e+00
   1.13017387193694e+00
   1.11530290248740e+00
   1.10136510980666e+00
   1.35391643367585e+00
   1.26908191009386e+00
   1.23015363379317e+00
   1.19839413201781e+00
   1.18031063560789e+00
   1.15716117468932e+00
   1.14369915415790e+00
   1.12897240694292e+00
   1.11309103230693e+00
   1.09929168525404e+00
   1.09628539853752e+00
   1.01717506688832e+00
   9.70247052889446e-01
   9.56979550019947e-01
   9.46704940044692e-01
   9.37848298054221e-01
   9.01359344007592e-01
   1.11982944745674e+00
   1.06559607470825e+00
   1.00910063580090e+00
   1.07917321835944e+00
   9.72139294214484e-01
   9.42757738946467e-01
   9.16870619972360e-01
   8.96446076475642e-01
   8.80917605033690e-01
   8.68509399688371e-01
   8.57806467133000e-01
   8.46827009196555e-01
   8.34205684089136e-01
   8.31704486935147e-01
   8.14267418739157e-01
   8.02137731938806e-01
   7.92347148301392e-01
   7.80789957287173e-01
   7.69589942365395e-01
   7.60639350678865e-01
   7.51291648375939e-01
   7.41343334774450e-01
   7.32156034303218e-01
   7.32764149893959e-01
   7.58920318431872e-01
   1.24895962699093e+00
   1.03129091629130e+00
   7.79549048861202e-01
   7.18240471270926e-01
   6.93707975113414e-01
   6.82987546515469e-01
   6.70226783309516e-01
   6.58838027754762e-01
   6.43324843778088e-01
   6.02751055688860e-01
   8.34488387363882e-01
   1.14248080833829e+00
   1.45674827760665e+00
   1.06872646166034e+00
   8.30485010108370e-01
   7.40901973429816e-01
   7.13644969273670e-01
   6.96520873575996e-01
   6.84938438119320e-01
   6.74057268031669e-01
   6.62851351017477e-01
   6.50738143977300e-01
   6.37372668161739e-01
   6.22723989914397e-01
   6.07428898432294e-01
   5.91116130380613e-01
   5.77774289730909e-01
   5.72716847652336e-01
   5.91505498211184e-01
   6.56347970617614e-01
   5.59730992588080e-01
   6.04787581717159e-01
   5.26486787640551e-01
   4.89809972980413e-01
   4.73868937686482e-01
   4.61243765944802e-01
   4.49471352623529e-01
   4.38292129653220e-01
   4.27426781752898e-01
   4.16791064248611e-01
   4.06352188737387e-01
   3.96186970607842e-01
   3.86425869328565e-01
   4.48834149106476e-01
   3.69397100286517e-01
   3.59739839739932e-01
   3.51142846097388e-01
   3.43397535407495e-01
   3.35883570367477e-01
   3.28741058801598e-01
   3.21978345917115e-01
   3.15476093820592e-01
   3.09241693328715e-01
   3.03283467746113e-01
   3.71310690153943e-01
   3.32168455020027e-01
   3.14756212835119e-01
   2.99535132666810e-01
   2.89668187089690e-01
   2.82646407005936e-01
   2.76337167955306e-01
   2.70427135866053e-01
   2.65170891085197e-01
   2.60237702028444e-01
   2.55551681285977e-01
   2.51127665342414e-01
   2.46899634613993e-01
   2.42840068307338e-01
   2.38936557807826e-01
   2.35169903585668e-01
   2.31527821875326e-01
   2.28001494296998e-01
   2.24581156655770e-01
   2.21257690167495e-01
   2.18025726054732e-01
   2.14877849368934e-01
   2.11816066232321e-01
   2.08820395579733e-01
   2.35204524110059e+00
   5.20457859716636e+00
   3.49616086545887e+00
   2.71512211671075e+00
   2.21714444281704e+00
   1.77691748281214e+00
   1.46942359074096e+00
   1.25077588526397e+00
   1.11174881805613e+00
   1.02305488818464e+00
   9.58704922831194e-01
   9.07809184067172e-01
   8.69307741899450e-01
   8.38405568048815e-01
   8.11881190004866e-01
   7.87045631151311e-01
   7.62323075540364e-01
   7.39156437923466e-01
   7.19318316613894e-01
   7.01909605349091e-01
   6.85222419223961e-01
   6.66652110903930e-01
   6.50732257592231e-01
   6.40530798569411e-01
   6.27199942407232e-01
   6.15498202863609e-01
   6.02600810315171e-01
   5.88256031784440e-01
   5.72790435931352e-01
   5.58348552148139e-01
   5.45944872445749e-01
   5.34364894596468e-01
   5.23014080626807e-01
   5.11893964313641e-01
   5.01039309290817e-01
   4.90426902189065e-01
   4.79997862389801e-01
   4.69680021317865e-01
   4.59371383120707e-01
   4.48899588999613e-01
   4.37947797865821e-01
   4.25932901708332e-01
   4.12000288850921e-01
   3.96098003128612e-01
   3.81007828621401e-01
   3.69148429943723e-01
   3.59576753418364e-01
   3.51090195943141e-01
   3.43176355163999e-01
   3.35649965904770e-01
   3.28434494670558e-01
   3.21490505730693e-01
   3.14794170567555e-01
   3.08329683877521e-01
   3.02085649588816e-01
   2.96052933955114e-01
   2.90223310140978e-01
   2.84588638829271e-01
   2.79140426747265e-01
   2.73869637879421e-01
   2.68766657557082e-01
   2.63821337729717e-01
   2.59023082522711e-01
   2.54360965750330e-01
   2.49823906338049e-01
   2.45400962222892e-01
   2.41081829515854e-01
   2.36857627798637e-01
   2.32721975718402e-01
   2.28672185479466e-01
   2.24710168006707e-01
   2.20842481494611e-01
   2.17079060657512e-01
   2.13430642786766e-01
   2.09905659653146e-01
   2.06507917049506e-01
   2.03236074118455e-01
   2.00084810548661e-01
   1.97046671914745e-01
   1.94113635361706e-01
   1.91278034058166e-01
   1.88532937069330e-01
   1.85872212456449e-01
   1.83290453352984e-01
   1.80782866564444e-01
   1.78345166523712e-01
   1.75973487737774e-01
   1.73664316303704e-01
   1.71414437050430e-01
   1.69220892394086e-01
   1.67080949691325e-01
   1.64992074755077e-01
   1.62951909933425e-01
   1.60958255685080e-01
   1.59009054946712e-01
   1.57102379829317e-01
   1.55236420347201e-01
   1.53409475003794e-01
   1.51619943148487e-01
   1.49866319080728e-01
   1.48147187907225e-01
   1.46461223148994e-01
   1.44807186044014e-01
   1.43183926398837e-01
   1.41590384709307e-01
   1.40025595093569e-01
   1.38488688355429e-01
   1.36978894229042e-01
   1.35495541583060e-01
   1.34038055167568e-01
   1.32605947503018e-01
   1.31198804887032e-01
   1.29816267328091e-01
   1.28458003450173e-01
   1.27123682778793e-01
   1.25812948867080e-01
   1.24525396997572e-01
   1.23260559490087e-01
   1.22017900144359e-01
   1.20796817565795e-01
   1.19596655651221e-01
   1.18416718725416e-01
   1.17256288761681e-01
   1.16114642574033e-01
   1.14991067530073e-01
   1.13884874955509e-01
   1.12795410856235e-01
   1.11722063852135e-01
   1.10664270343338e-01
   1.09621516981696e-01
   1.08593340559758e-01
   1.07579325498046e-01
   1.06579099225512e-01
   1.05592325898375e-01
   1.04618699058808e-01
   1.03657933955119e-01
   1.02709760288216e-01
   1.01773916089305e-01
   1.00850143270358e-01
   9.99381851480489e-02
   9.90377859697538e-02
   9.81486922188650e-02
   9.72706552888490e-02
   9.64034350147219e-02
   9.55468035377962e-02
   9.47005490372801e-02
   9.38644789628665e-02
   9.30384225169395e-02
   9.22222322412553e-02
   9.14157846510038e-02
   9.06189799323346e-02
   8.98317407872741e-02
   8.90540105738307e-02
   8.82857509319137e-02
   8.75269390814089e-02
   8.67775649186492e-02
   8.60376279460424e-02
   8.53071339895645e-02
   8.45860916242782e-02
   8.38745082577959e-02
   8.31723859424377e-02
   8.24797172680559e-02
   8.17964822497424e-02
   8.11226480476609e-02
   8.04581743510738e-02
   7.98030270465885e-02
   7.91571987909246e-02
   7.85207255916866e-02
   7.78936792720310e-02
   7.72761231632654e-02
   7.66680476179763e-02
   7.60693190457658e-02
   7.54796496962501e-02
   7.48985512538346e-02
   7.43251826152895e-02
   7.37577613544777e-02
   7.31902623678552e-02
   7.25698594092186e-02
   7.21196016633835e-02
   7.19868513338820e-02
   7.10914489691922e-02
   7.03450238788211e-02
   7.02141116069207e-02
   6.95887291510991e-02
   6.89387121134024e-02
   6.86618142964265e-02
   6.82278007520687e-02
   6.76497398724328e-02
   6.71779764402212e-02
   6.66490232578820e-02
   6.66553303170295e-02
   6.55134982857002e-02
   6.56893307554595e-02
   6.48331631593595e-02
   6.45264693810398e-02
   6.38869474382313e-02
   6.40682460860797e-02
   6.30273010519483e-02
   6.28643893220646e-02
   6.23282852659285e-02
   6.18602359740477e-02
   6.18978458318376e-02
   6.10058534099623e-02
   6.07534476990603e-02
   6.04015638059844e-02
   5.99130025513752e-02
   5.95220719223659e-02
   5.91175968318949e-02
   5.86608339508315e-02
   5.86269340754297e-02
   5.80558888786730e-02
   5.75739325638065e-02
   5.71926488732921e-02
   5.67444201747920e-02
   5.64124630360538e-02
   5.60882239319021e-02
   5.57234783623481e-02
   5.53471446364802e-02
   5.50608105294587e-02
   5.46663443343578e-02
   5.43288770102983e-02
   5.39632259478030e-02
   5.37370088097411e-02
   5.33725961077097e-02
   5.30299307220694e-02
   5.26851194951769e-02
   5.23378795241575e-02
   5.19204030760842e-02
   5.19000349790401e-02
   5.16166344838651e-02
   5.12735311819325e-02
   5.10141910710254e-02
   5.06722493840167e-02
   5.03597159436468e-02
   5.00066859601517e-02
   4.98331781663430e-02
   4.95302380667835e-02
   4.92312949242364e-02
   4.89232366065643e-02
   4.87157603273169e-02
   4.84061773566766e-02
   4.81429930927521e-02
   4.78704268704545e-02
   4.75254178537836e-02
   4.73496170302164e-02
   4.71243284243476e-02
   4.68676252880629e-02
   4.67170159405337e-02
   4.64739868534790e-02
   4.62198364579197e-02
   4.59631341277458e-02
   4.56345665675060e-02
   4.55577047475646e-02
   4.53329494768794e-02
   4.51061587246267e-02
   4.48598704973487e-02
   4.46194005365434e-02
   4.43894104855612e-02
   4.42351215594701e-02
   4.40037965312708e-02
   4.37741994177991e-02
   4.35892772168724e-02
   4.33203800518688e-02
   4.31358539855333e-02
   4.28743807549373e-02
   4.26973072691200e-02
   4.24835128999458e-02
   4.24026748189503e-02
   4.22003763298446e-02
   4.20397475092924e-02
   4.17242167917050e-02
   4.16357713958136e-02
   4.13518299336894e-02
   4.12566784284191e-02
   4.10368382907081e-02
   4.08331888335086e-02
   4.06759946898461e-02
   4.04469162374573e-02
   4.03592154684005e-02
   4.00565036843652e-02
   4.00265250901989e-02
   3.97527740603442e-02
   3.96403727140212e-02
   3.94994161547781e-02
   3.92867048403839e-02
   3.91557605495473e-02
   3.90067792169245e-02
   3.88005545848396e-02
   3.86493972376428e-02
   3.83509271067988e-02
   3.83246364280019e-02
   3.81363145962449e-02
   3.80160292576196e-02
   3.77991150651517e-02
   3.77110064194014e-02
   3.75218604788649e-02
   3.73926385257632e-02
   3.71778927918067e-02
   3.71041540175928e-02
   3.68586992260661e-02
   3.67912606212804e-02
   3.66906842197501e-02
   3.65220970337919e-02
   3.62861688359713e-02
   3.62239363476740e-02
   3.60211153173686e-02
   3.59838656452923e-02
   3.58857817933741e-02
   3.57175475008865e-02
   3.55002274310792e-02
   3.53911559684354e-02
   3.52923656440850e-02
   3.51081080040022e-02
   3.49927585107094e-02
   3.48255952084465e-02
   3.47678670583607e-02
   3.46112960879928e-02
   3.45344467479168e-02
   3.43441651004462e-02
   3.42846854092582e-02
   3.40762229284265e-02
   3.39509100416319e-02
   3.38522495124362e-02
   3.37744034620487e-02
   3.35728478172545e-02
