   1.70466913298862e-01   1.88376109389904e-01   1.45981472390855e-01   1.46604982335983e-01   1.00962051207000e-01   1.14367661055446e-01   5.37699120003231e-02   1.02736818055365e-01   1.52008630094841e-01   1.86080711885940e+00  -2.13366271902745e-03   2.42580048777882e-01  -5.14221632928026e-02   1.33959688400450e-01  -6.41253040645106e-01  -1.18674836724934e-01   1.35278100923585e-01
  -5.55982919626844e-01  -1.63414696087472e+00   2.94419530929695e-01   4.77000153310600e-02  -2.55069807042125e-01  -4.05773608504576e-01   1.31361223855041e+00  -7.14512950900038e-03  -5.25483469008845e-01  -2.15695898353028e+00   4.29934326537505e-03  -1.17884484758470e+00   3.63739406404687e-01  -1.96125453184874e-01  -2.23790456109491e+00  -1.27959363262413e+00  -2.19400411565588e-01
   8.17566869945084e-02   6.56065482904041e-02   1.09108082999258e-01   8.80386090317578e-02   1.20714916642999e-01   8.87546412558163e-02  -2.59032816128202e-03   1.03881834227822e-01   8.01636687703462e-02  -1.94971552489533e+00   9.82322105343087e-03   1.92600364427713e-01  -1.71164600280849e-01   1.14232143202928e-01   1.05855394652813e-01  -8.98596040383523e-02   1.01348274479001e-01
   1.53563619864035e-01   1.95095676772327e-01   1.23836427588448e-01   1.25122734487080e-01   8.62520498635921e-02   1.34667507200525e-01   7.60990380050585e-02   1.18273009887891e-01   1.60929566383946e-01   1.88422056835107e+00   5.97349746641192e-03   2.18124388167972e-01  -2.49755350856416e-02   1.22305630658423e-01  -2.13536504176363e+00  -1.09033469789742e-01   1.28789923560440e-01
  -5.06883368828012e-01  -6.94967386766858e-01  -1.19275530869326e-01  -1.78397084397180e-01  -3.13427557966050e-01  -2.98106880675965e-01  -4.34495634400397e-01  -2.18509636633351e-01  -5.09541849646609e-01  -2.50163812471070e+00   9.29752771595600e-03  -1.99086017407557e-01  -5.17164733504546e-01  -2.23539713049196e-01   2.67054349592449e+00   6.20033743811619e-02  -2.26714716811650e-01
  -3.89063464391721e-01  -2.46992241244565e-01  -3.49548256691247e-01  -4.73759425096194e-02  -1.86219569444302e-01  -3.12577021330236e-01  -1.38910478949453e-01  -3.27351528036287e-01  -4.14706065256361e-01  -3.18333613484945e-01   7.72682131380259e-03  -6.69344201146459e-01  -5.21135752741282e-01  -1.49899013158865e-01   8.82751108705279e-01  -1.82895809132704e-01  -1.25483511762460e-01
   5.31532825832971e-02   4.19924797688626e-02   9.12921145803015e-02   9.80267566457517e-02  -9.18797429384758e-02  -7.59800274212292e-02  -1.05642856831457e-01   8.53769125437023e-02   5.13826102848442e-02  -2.44609627399494e+00  -2.12899179938392e-02   1.43833780575986e-01  -1.56490490007602e-01   9.62599534488047e-02   6.23595013578670e-02  -9.81992064333495e-02   8.35625062132748e-02
  -5.77028017476884e-02  -4.63292028286569e-02  -8.86799122949490e-02  -9.71633003871930e-02   3.23650263847574e-02  -9.77368342918272e-02  -2.87193667713278e-01  -9.31516954900770e-02  -6.06172555063325e-02   2.17994548730317e+00  -2.11170237263696e-03  -1.57169783838623e-01   2.18017776032866e-01  -8.86176130872262e-02  -1.90003541111552e-01   1.07999290179795e-01  -9.55498659897105e-02
  -5.49106388914760e-01   1.52649829937817e-01  -8.00658373065203e-01  -3.21484247614695e-01  -2.02746821844948e-01  -2.68634444539092e-01  -3.32671562727342e-01  -4.67903676666057e-01  -5.65361613518342e-01   4.03433265055688e-02   1.23032214433417e-02  -4.98548386181531e-01  -1.01791919683245e+00  -3.11863012274253e-01   9.04460953446505e-01   1.85511014113307e-01  -2.11814291389886e-01
  -1.55840013950314e-02   3.85877659824942e-02  -8.99264565565140e-02  -7.88940458971310e-02  -2.52060166117731e-02  -7.88855612302382e-02  -1.59124051192168e-01  -6.62213610729052e-02  -1.73626061891141e-02   2.19545207707148e+00   1.47617543710288e-03  -1.48819029473139e-01   2.34482910924535e-01  -8.99070330494545e-02   4.71841160458009e-02   1.02532291557384e-01  -8.37129410311101e-02
  -5.74754455987232e-02  -4.20118619442233e-02  -9.16027659505547e-02  -8.55716661872007e-02   1.09467775260317e-01   1.04940328774161e-01   6.27868544624823e-02  -3.26129881781457e-02  -7.02739517541206e-02   2.29603094487093e+00   9.50615877230133e-03  -1.45674604825573e-01   1.76664188159790e-01  -8.34202654522070e-02  -7.05925788540921e-02   1.25769727287453e-01  -9.22334344756067e-02
   5.24717079622063e-02   4.18792446074515e-02   8.28214214976581e-02   8.02579210387925e-02  -6.57379107025065e-02   8.41855360025003e-02  -4.04460392096246e-02   9.51211981123166e-02   6.48312360570041e-02  -2.40413430928870e+00   1.93803618619257e-02   1.52070741154980e-01  -1.52307176734874e-01   9.85677264085743e-02   5.89470029126670e-02  -9.67732173957101e-02   1.14244909993729e-01
   9.34514197810170e-02   6.88426860625780e-02   9.69496656884742e-02   9.48001097222286e-02   6.83383199472176e-02   1.05562250390973e-01   2.17489682886662e-03   1.26261916143130e-01   7.73660324735887e-02  -1.95004743571384e+00   4.71552637220837e-03   1.74516593380339e-01  -1.73560030753346e-01   8.30116248626554e-02   1.16719967488828e-01  -1.09691772139246e-01   1.09385315420265e-01
   5.42825838903598e-02   1.38862251552021e-01   2.83120553761534e-02   6.31324423874754e-02  -1.64837552472088e-01  -1.17169074147920e-01  -1.78905912644821e-01  -4.40899127650104e-02   4.62372125799347e-02   2.67929548132254e-01  -6.20400633293839e-03   9.41358669984816e-02  -1.88871279019590e-01   6.60449203474804e-02   1.19373589031354e-01  -1.01514837117458e-01   5.56686132646933e-02
   2.05874452249882e-01  -1.98516541609221e-01   2.28621324780111e-01   2.86035194303612e-01   3.97891481435999e-01   2.29681021882227e-01   4.25749500215174e+00   1.20115619006645e-01   1.28508838037162e-01  -2.85134459442903e+00   1.42939052786029e-02  -7.15484244557172e-01   1.57088656164028e+00   1.79326693363718e-01  -2.29552158811426e+00  -5.94249513536444e-01   1.92801041449051e-01
  -4.62458423663421e-01  -5.13762837018880e-01  -2.74372836256322e-02  -4.44901952158966e-03  -2.36964054047712e-01  -4.35035395311281e-02  -2.24462670065750e-01  -1.11473585820248e-01  -4.70764937652332e-01   2.56377082671446e+00  -3.07617942491655e-03  -6.77468128600790e-01   1.88240916678950e+00  -8.06981105206577e-02  -2.59433836374415e+00  -8.79101378136949e-01  -7.74346363781922e-02
   7.86449664987463e-02   5.44259270986446e-02   1.05177198596542e-01   9.97423778136973e-02   9.34668608398224e-02   9.77709401519226e-02   3.68443442746359e-01   9.78633388203334e-02   7.79094765920982e-02  -1.97332383471706e+00   1.11685512874552e-04   1.70022424378797e-01  -2.06213562913806e-01   9.29325214862549e-02   1.40006797928466e-01  -9.67751480309293e-02   9.68523445524555e-02
  -4.00263686797423e-02  -2.27234275452790e-02  -1.08439401965732e-01  -8.18063680399383e-02   1.83066128527616e-02  -8.68304799936383e-02   7.00305781511272e-02  -9.13915830798527e-02  -5.02731475995629e-02   2.26784526957662e+00  -7.65983022770899e-03  -1.82792216542451e-01   1.75829041502598e-01  -7.63305868887433e-02  -5.51162461426279e-02   8.76051639362391e-02  -7.59541055556220e-02
   1.34602422765890e-02   3.67022303556470e-02  -2.26514942031607e-02   5.51941254115164e-02  -7.48170371794413e-02  -9.88682016130675e-02  -2.26636720773036e+00  -4.22312358090012e-02   1.44510034861783e-01   2.31367880571280e+00   1.81021903359715e-03  -2.87548144945259e-01   5.32408220890390e-01   9.73906256865850e-03   1.45336564295743e+00  -1.96370277954501e-01   1.72134971672228e-02
  -6.39093807454926e-01  -7.00826431021265e-01  -6.67438873750327e-01  -7.49042337634324e-02  -2.45462281456621e-01  -1.06191811885456e+00  -2.83935445939504e-01  -6.66787822802747e-01  -6.39608150460851e-01  -1.20979564753077e+00   4.33782078540142e-04  -1.03973840300730e+00  -8.38780863888249e-01  -2.76470137263630e-01   4.31466251025492e-01  -4.90042723839594e-02   3.08230108241472e-02
   3.49551448069737e-02   1.21699756038500e-01  -5.29447212162348e-02  -4.69129733383992e-02  -1.25123189326464e-01   5.93599315046556e-02  -1.57384816285148e-01  -3.22416968926235e-02   5.72368967430215e-02   2.03153482408357e+00  -3.55422320595997e-03  -7.00623390694879e-02   1.97683943855762e-01  -5.18883445890776e-02  -8.13083887152868e-02  -1.14183991587216e-01  -6.78395732381680e-02
  -4.67535167937386e-01  -6.61584919755137e-01  -4.96379466634688e-01  -1.12140867905504e-01   3.74990834768397e-01  -9.58037533184792e-01   2.01716399140681e+00  -5.82588482253672e-01  -4.27266610481501e-01  -1.61966312040951e+00   9.65986989020807e-03  -3.66835142910996e-01  -1.36897704374773e+00  -2.39940008806452e-01  -2.24119021739955e+00   1.10788439863855e+00  -3.42546732884957e-01
   2.74536699947703e-02  -7.91673653402947e-03   8.16853432980035e-02   7.81964143226502e-02   4.65852719940996e-02   9.03547353262008e-02  -7.46457115467587e-02   5.99059455656327e-02   2.77066609313952e-02  -2.62400133743500e+00  -5.86750171208175e-03   1.04162700995920e-01  -1.48015947320681e-01   7.33174288952960e-02   4.34760190472680e-02  -9.75129190681959e-02   7.58912225111772e-02
  -4.33845283379140e-01  -4.39218590428400e-01  -4.17786309765900e-01  -2.94086115172611e-01  -1.07571108902802e-01  -4.37756141912652e-01  -4.25178532601809e-02  -4.01352731308742e-01  -4.73969683305826e-01  -4.29827813900712e-01  -5.01345738456263e-03  -4.08658992826935e-01  -6.57570984869661e-01  -3.43809121927164e-01   1.89778368075468e+00  -1.45199946234649e-01  -3.42198304722477e-01
  -2.31058234611054e-01  -2.92372762944649e-01  -1.34196014786827e-01  -1.21751982725944e-01   5.32974771750312e-02  -1.56788917821452e-01  -3.82727333690549e-02  -1.35518826884877e-01  -2.12414929451789e-01  -2.39687743316755e+00  -1.08706819868428e-02  -2.97219495255278e-01  -2.01424189602738e-02  -1.31934175346435e-01   3.13018006394335e+00   1.17836832500279e-01  -1.35502172021343e-01
   7.36590109930311e-02   2.74299926685394e-02   9.36159303114531e-02   8.64988558612676e-02   1.08667435033537e-01   9.77062913596041e-02   3.68878564587614e-01   9.88363487152427e-02   4.67240924548545e-02  -2.16452280932629e+00   1.87099084925620e-03   1.50217145053571e-01  -1.93703835810846e-01   8.54047379879246e-02   1.13235629626442e-01  -1.07658587928894e-01   9.47246132144915e-02
  -4.37564383005313e-01  -8.69215480475567e-02  -2.31265683269362e-01  -4.24285548421525e-01  -2.34678960731857e-01   9.62732439840715e-01  -1.03832275798540e+00  -3.73264184055021e-01  -1.26065423752776e+00   1.49359096664703e+00   2.12918044586590e-02  -2.06082989688137e-01   2.11627113552597e+00  -3.95977405120606e-01   1.87455085753572e+00  -2.37372147071583e+00  -1.64434327921908e-01
  -5.22742490115792e-01  -1.39012424406182e-01  -3.90369346452061e-01  -3.55984118283294e-01  -3.79973896469718e-01   7.75432296484687e-01  -6.57993282572116e-01  -6.83286337661573e-01  -1.49377411154768e+00   5.82592264796596e-01  -7.44871112067132e-03   5.66216497187937e-01   8.86372152171605e-01  -3.41481717188594e-01   2.78332134803667e+00  -3.07178068383895e+00  -2.37559834815058e-01
  -2.30226597555786e-01  -3.32206195297276e-01  -1.14726721188943e-01  -7.45484045052201e-02   4.57583326672617e-02  -1.48585849539232e-01  -2.80787420707499e-03  -1.41194640440467e-01  -2.48340655985823e-01  -2.41129581700666e+00  -9.42650950722953e-03  -3.13298592981060e-01   8.52388680847544e-03  -1.14357843403078e-01   3.53098977943825e+00   1.04108855941432e-01  -1.24093681756051e-01
   4.30401758903362e-01   6.75703145794542e-02   4.41462915103716e-01   3.05994164384314e-01   2.62500392162700e-01  -1.31676611603446e-01   1.30711952392769e+00   5.23706466550792e-01   1.20739824691563e+00  -2.16264690287208e+00  -1.23350893851519e-02  -3.16311896895805e-01  -4.84885734472846e-01   3.36678336883122e-01  -2.08843101388885e+00   1.32888564434456e+00   2.84544298920175e-01
   5.85838188185033e-01   3.94329786095106e-01   7.16750239942243e-01   2.14314347230937e-01   4.18341861256960e-01   1.07955199035131e+00   2.29444301663059e-01   3.91730668568314e-01  -1.43090013346254e-02  -2.83933622883906e-01   1.19479598902305e-02   2.09896623078040e-01   1.50346378813238e+00   2.19590119160599e-01  -8.07024774624178e-01  -1.90044161964303e+00   1.63482943135387e-01
   4.00809527911473e-01  -1.11935084002740e+00   1.06927306995410e+00   3.92395972603503e-01  -2.29813837382645e-01   2.51309060918901e-02   1.09515576201550e+00   3.33370932043797e-01   3.84926242494202e-01  -1.93871986346085e+00   5.46004364815505e-03   1.21161604233153e+00   1.25386155661087e+00   2.69675691836248e-01  -8.38743481983047e-01  -1.27543611332184e+00   8.84837116424491e-02
   2.66912769543888e-01   1.06103632560009e-01   2.74765405897538e-01   3.92510403368363e-01   3.27826192516107e-01  -3.09835453803859e-01   1.59923227261305e+00   4.21243969924151e-01   8.96108267442668e-01  -1.67767866530798e+00   3.95507270967711e-03   2.18756579889810e-01  -1.00555052816427e+00   3.56101290092724e-01  -1.31631225284931e+00   1.40640213685838e+00   2.86358335396548e-01
   3.85887054913924e-01  -1.27432281802647e-01   2.61899883769485e-01   3.77494581257507e-01   2.78168893607036e-01  -8.75008679835738e-01   1.03860763500448e+00   2.64356469276229e-01   1.10680138203326e+00  -1.42559176828396e+00  -1.27582720603673e-02  -4.67044841894082e-02  -1.97992243658569e+00   2.85219250042842e-01  -1.72280268277223e+00   2.14965661015577e+00   1.06914688261033e-01
   3.85486078789192e-02   4.77131422993811e-03   9.27566885582342e-02   6.77304420488280e-02  -1.68838647455983e-03   7.71072647058274e-02  -1.02315510405001e-01   6.46717193799026e-02   5.01442679739066e-02  -2.64322971517997e+00  -7.71364529781359e-03   1.08669724803346e-01  -1.51661653725124e-01   9.55793571993188e-02   5.51682005969534e-02  -1.08592228973518e-01   7.44301594729644e-02
   5.43760389395342e-01   1.59873707671519e-01   6.30107077861937e-01   2.32395213714939e-01  -1.48452463321802e-01   4.05300093769560e-01   3.64962288581583e-01   3.54805730827589e-01   4.37933663549153e-01  -2.41091961232857e-01  -7.49690044084972e-03   8.85207213820544e-01   2.48840132532407e-02   2.82213004570894e-01  -1.04845947225844e+00  -3.54819602368174e-01   1.30035747462130e-01
   2.51671145391344e-01   1.34835270008936e+00  -3.88088874169714e-01  -8.32261675116149e-02  -7.87193744210683e-03   5.69264814016918e-01  -1.06269263596399e+00   1.10702884494453e-01   2.06472868969921e-01   1.77731305058813e+00  -6.38635774536720e-03   1.25957654950088e+00  -2.97612470026085e-01   2.02777693055460e-01  -2.46653254627072e+00  -9.30849128410692e-01   1.71071464523326e-01
   5.49037541794468e-01   1.69064616394395e+00  -3.27443716588001e-01  -2.35455972524758e-02   1.50015564525791e-01   4.90870396838306e-01  -1.45450306443942e+00   5.78783759264314e-02   5.15207857920938e-01   2.11625363464839e+00  -1.55937561984215e-02   1.20115407635345e+00  -3.74547579229590e-01   2.31764313974287e-01   1.21968605118251e+00   5.55360431152887e-01   2.19682837078044e-01
  -5.67429271753707e-02  -1.10908970790864e-01  -1.85968536218159e-02  -2.82663232871309e-02  -1.21636159090401e-01   7.20217192210524e-02   1.23461387749145e+00   3.53957393283733e-02  -9.79347387704979e-02  -2.22483919233921e+00  -5.12392876604515e-03   1.65231051639746e-01  -3.96158695534682e-01  -6.94207461140894e-03  -2.54979487041430e+00  -9.78326172865778e-02   7.05521037530972e-03
  -2.81685186025498e-03   4.63882391800123e-02  -6.42131510098172e-02  -6.25133057486170e-02  -8.11665000788005e-02  -9.09270073491674e-02  -6.90229573692077e-01  -8.58636095919881e-02  -1.24948434005741e-02   2.08845258955801e+00  -1.24755130613275e-02  -1.45733119191746e-01   2.48502021792306e-01  -5.52279818483913e-02   1.50021552684952e-01   9.45769874976612e-02  -7.21123291338621e-02
   3.19960191994585e-01  -3.76680649019160e-01   6.86458435463082e-01   3.50282005879635e-01  -7.87847287825298e-03   3.12483951876157e-01   3.16299702167958e-01   4.61580295383184e-01   3.28325074101908e-01  -1.15398079900220e+00   1.23761185591733e-02   1.43024342165922e+00   7.10039393692188e-01   3.53406796308513e-01  -8.84817216502767e-01  -6.05935934791801e-01   1.83078207999700e-01
   9.95216699898249e-01  -1.67151579280781e-02   7.35168872509534e-01   7.69864433629727e-01   1.70468983758770e+00  -2.07638849942686e-01   2.14476493823943e+00   9.72152904155926e-01   1.67224710031910e+00  -2.09821646863331e+00  -1.64215205769578e-02  -3.89299272340499e+00  -3.69012447859294e-01   4.08061901855162e-01  -2.84903710524716e+00   1.25263933778557e+00   3.60625407716457e-01
   4.92321456413733e-01   4.88914647130621e-01   4.28179503142755e-01   2.93793741596284e-01   1.20464896662974e-01   5.06266102284424e-01   1.03522300272204e-01   4.24467667884275e-01   5.20828011806151e-01   3.61224754445824e-01  -9.35882823765835e-03   4.74232701973766e-01   6.36478572554208e-01   3.58126183863323e-01  -2.31852453886036e+00   1.69602884566879e-01   3.36877141073027e-01
   1.40976793257297e-02  -1.46602180144279e-02   7.90410543588033e-02   8.41502427290236e-02   1.24296614416590e-01   9.83242922856104e-02   2.10022005732626e+00   8.71553812985797e-02   2.15174388947417e-02  -2.18959370117188e+00  -1.35325638761844e-02   1.47031926692424e-01  -2.28263484149281e-01   7.89922806257876e-02  -5.14532405259711e-02  -9.66340174032830e-02   8.25660117089503e-02
  -2.56612299429785e-01   4.51375756666871e-01  -4.44018426028866e-01   9.74417605869723e-03   3.17008037714447e-01   5.59773273447295e-02  -1.33985774845030e+00  -1.83970739389007e-01  -5.27267280901799e-01   1.50035222961761e+00  -5.64204944021096e-03  -1.44545516887007e+00   1.76325609439734e-01  -1.26731060764291e-01   1.42616505229808e+00  -1.15722875467351e+00   6.14639509123335e-01
  -2.77730876758684e-01  -5.44826138062721e-01  -2.19725407893856e-01  -9.06714747696707e-02  -2.15079616558091e-01  -6.45196843444043e-01   2.36836894087443e+00  -3.73831214730585e-01  -1.70657940068476e-01  -1.52331940649404e+00   2.94999182286196e-03  -5.69356732631327e-01  -2.48722962653401e+00  -1.62951845156090e-01  -1.85295276688539e+00  -2.79192103058045e-01  -4.27744978105717e-01
   7.72736492617436e-02   3.98101951842430e-02   9.48532288836766e-02   1.00729513845205e-01   2.85537455870329e-01   9.69967233630645e-02   4.26992531864035e-01   1.02518252765819e-01   6.51468353871596e-02  -2.02457781993620e+00   7.79022677785561e-03   1.86938696077413e-01  -2.22424821131252e-01   8.46445449734019e-02   5.74310266998799e-01   1.38536998533771e-01   8.73302823067373e-02
   7.30157073789137e-02   4.48168262173729e-02   1.06413726287149e-01   9.15213296141109e-02   9.11828608475939e-02   8.37427084728244e-02   2.18361413794657e-01   1.14529775253189e-01   7.08276607409343e-02  -2.05828368075243e+00  -1.55861868171022e-02   1.74657494155116e-01  -1.92102287618254e-01   8.31291018480989e-02   1.58131784436431e-01  -9.28214344278389e-02   8.06217856775010e-02
   5.31894675203365e-01   9.15058736281316e-01   4.29774542991696e-01   8.18426294031925e-02   1.87810498497018e-01   3.77678470883745e-01   3.24706473532957e-01   5.27474252893775e-01   6.66552546156826e-01  -8.24951138873366e-01   2.04883043615172e-03   1.13569625235414e+00  -8.76814455921466e-01   2.89137590368989e-01  -1.62333009622994e+00   3.58023308855078e-01  -1.48068263809380e-01
  -9.94284002332431e-02  -5.37283701580894e-02  -9.70042392623847e-02  -1.00721386147162e-01  -8.49196398503094e-03  -1.04645343958572e-01  -4.67215825211229e-02  -9.21794813617315e-02  -7.30965529631681e-02   1.96828895158193e+00   3.42055184891483e-03  -1.82499487585587e-01   1.92277982640180e-01  -8.42080826766015e-02  -1.47876442126489e-01   1.07363205897283e-01  -9.60673574355745e-02
