   5.17060294386561e-02
  -2.46924837603208e-01
   3.54653709571315e-01
  -5.39972908668364e-02
   3.71326022912189e-01
   1.46980731007542e-01
   2.60685239456305e-01
   4.70673194869661e-01
  -1.70268429853022e-02
  -3.86355097045815e-01
  -5.92501562905578e-01
  -1.60637482058463e-01
   4.82187161079922e-01
  -2.05162057788320e-01
   1.92086815143340e-02
  -1.59956833007146e-01
   5.58321105924850e-02
  -1.12244328848208e-01
   1.54736224738749e-01
   1.53918993868833e-01
   3.30658686606111e-01
  -2.44688929432504e-01
   9.42876925801754e-02
  -9.34326656757484e-02
  -1.39862552665107e-01
   1.73533193961574e-01
   4.04508316306584e-01
   9.01779392040806e-02
  -9.94676710203888e-02
  -2.25484063398559e-01
   1.31729317459796e-01
  -1.09148905999642e-01
   1.58901744986222e-02
  -1.23422602495915e-01
   9.23637878992666e-02
   1.33586666354722e-02
   1.78933279961776e-01
  -2.95683174415065e-01
   1.74871392922136e-01
  -4.33272443845166e-02
  -2.72116670110594e-01
   3.82070297744140e-01
  -1.80082778828624e-01
   4.16940385849921e-01
   5.51338937431173e-02
  -2.31556312202626e-01
   1.56936630468127e-01
   5.69932678756492e-02
  -1.29147326097534e-01
   2.59255511006210e-01
