   1.37931034482759e-01
   2.75862068965517e-01
   3.10344827586207e-01
   3.10344827586207e-01
   3.44827586206897e-01
   3.79310344827586e-01
   3.79310344827586e-01
   4.13793103448276e-01
   4.13793103448276e-01
   4.13793103448276e-01
   4.48275862068966e-01
   4.48275862068966e-01
   4.48275862068966e-01
   4.48275862068966e-01
   4.48275862068966e-01
   4.48275862068966e-01
   4.48275862068966e-01
   4.48275862068966e-01
   4.48275862068966e-01
   4.48275862068966e-01
   4.13793103448276e-01
