  -2.86766892848468e-01
   8.15381774391700e-05
  -4.31673863393949e-02
   2.09464636365858e-01
   1.10333279902143e-02
  -3.98150757737880e-02
  -1.77680006578738e-02
  -8.78425875281407e-03
   5.75062016832611e-03
   3.92637976787060e-02
  -3.32900968696701e-03
  -1.66533722682244e-02
  -4.47522293722095e-03
   3.45595747971861e-02
  -1.12158718503097e-02
  -1.49229375429695e-02
  -7.69288760667685e-03
   3.87705861926698e-03
  -5.72140357313093e-02
   1.72866643470105e-03
   9.95370484347634e-03
   3.16678513980263e-01
  -7.15048292697159e-02
  -2.18518175380412e-01
   1.16480648009641e-01
   1.52634054664642e-01
  -2.24392277575818e-01
   9.84208774916361e-03
  -3.15648246530938e-03
  -9.68942205531259e-04
  -1.91189070931961e-02
  -7.04557718987346e-03
   6.58192108193534e-02
  -2.34125091061838e-02
   4.47090363143801e-02
  -1.28274102953715e-01
   3.99044236192933e-02
  -2.03048353550130e-01
   4.39137480391776e-03
   3.69788353891711e-01
   2.39516943178487e-01
  -5.95596198903968e-03
  -1.07434247521243e-03
  -1.22705602034099e-01
   3.67600228838061e-02
  -1.13041129884144e-03
  -7.90564639389510e-03
   1.26790430068752e-03
  -1.12416941636165e-01
  -7.75111820881826e-02
