   2.30153997492439e+00
   2.11578364767486e+00
   6.29734142186731e-02
   7.31563014185066e+00
   2.27398193751851e+00
   2.35918150564383e+00
   3.18763107797930e+00
   6.02206962045757e+00
   6.07916595405359e+00
   2.63667472462946e+00
   2.78159338827300e+00
   4.45401989981706e+00
   4.15585446229745e+00
   2.82814937244653e+00
   3.86623626577203e+00
   1.70753591388839e+00
   2.32349809055249e+00
   1.85398738430141e+00
   3.66480045964638e+00
   2.40612595671957e+00
   3.08649802820785e+00
   2.43316535624693e+00
   1.86117538766659e+00
   7.63832726593894e-01
   2.91341710840308e+00
   1.65794117463163e+00
   3.29744167275789e+00
   1.81907636226251e+00
   1.38747960996337e+00
   2.71923166165219e+00
   2.14559010886005e+00
   1.29389594795126e+00
   2.59039147929446e+00
   1.70769850468958e+00
   2.84287463094463e+00
   1.97396191395387e+00
   2.43461241652544e+00
   1.79045913141577e+00
   2.76801171656467e+00
   2.53469395364943e+00
   3.59081692536752e+00
   1.94840242616876e+00
   1.67672642261752e+00
   2.57738631213203e+00
   1.28849886873042e+00
   2.59530645186871e+00
   2.18897761562872e+00
   2.63086550673191e+00
   1.85051103522502e+00
   2.44595444306090e+00
   2.20714560166650e+00
   1.69073579837845e+00
   1.10555171708265e+00
   2.40699243843375e+00
   1.27543121299621e+00
   2.67209444547478e+00
   1.42893585416125e+00
   1.57099111147140e+00
   2.13713083362474e+00
   1.55921018610137e+00
   1.14448011909543e+00
   2.33009245521307e+00
   1.73318529912214e+00
   2.93599608103718e+00
   2.04042766854590e+00
   2.24807418018993e+00
   2.03102760717944e+00
   2.28230543189721e+00
   2.50994947930333e+00
   2.63271069139908e+00
   1.97293986915478e+00
   1.47665245924569e+00
   2.47825630493148e+00
   1.14362060616141e+00
   2.17559400342654e+00
   2.23077152613729e+00
   2.54016127615875e+00
   1.64971667058675e+00
   2.38457057086369e+00
   2.16411980200776e+00
   1.61895236160007e+00
   1.08506782034573e+00
   2.40989292241492e+00
   1.22235785978296e+00
   2.49144889846750e+00
   1.24405075203062e+00
   1.72254636063395e+00
   2.00028025422870e+00
   1.38809025973335e+00
   1.09881069053726e+00
   2.24817408238003e+00
   1.66820696380241e+00
   2.94763557055091e+00
   2.05284253824589e+00
   2.23695029739583e+00
   2.14379971362625e+00
   2.07353650906074e+00
   2.59234037709941e+00
   2.42102097452848e+00
   1.95672047137644e+00
   1.35366265248463e+00
   2.34854593480464e+00
   1.02107843956190e+00
   2.07996728627375e+00
   2.24757766934305e+00
   2.50202811759496e+00
   1.60951929510672e+00
   2.32576680064142e+00
   2.15725509279773e+00
   1.63047160830021e+00
   1.11608808415937e+00
   2.37155994275281e+00
   1.22471347209491e+00
   2.39127813506208e+00
   1.11975063828831e+00
   1.80167725379680e+00
   1.83598415072741e+00
   1.29285429174563e+00
   1.04520897632038e+00
   2.20042639204423e+00
   1.63970968170266e+00
   2.87788331607029e+00
   2.05423324290753e+00
   2.25648872424393e+00
   2.19134133932970e+00
   1.98317432989651e+00
   2.65674043565981e+00
   2.32784304079292e+00
   1.93963970950925e+00
   1.26762056951835e+00
   2.27074199336017e+00
   9.35291477359397e-01
   1.96678221220143e+00
   2.21918111488072e+00
   2.47721848389518e+00
   1.57989305974440e+00
   2.28820159689547e+00
   2.15790701498875e+00
   1.63811068670004e+00
   1.13158835575885e+00
   2.34193353657321e+00
   1.22824391519832e+00
   2.33153985376595e+00
   1.03004152325035e+00
   1.83991220675010e+00
   1.69507848300898e+00
   1.22713649137296e+00
   1.00259957173581e+00
   2.15656255101019e+00
   1.61653405058082e+00
   2.80548344185322e+00
   2.04542431140434e+00
   2.27815650213763e+00
   2.22283041533733e+00
   1.92267503462220e+00
   2.69981682978841e+00
   2.27413348684801e+00
   1.92050442600592e+00
   1.20335318677614e+00
   2.21861832242102e+00
   8.71878410528821e-01
   1.87056208810140e+00
   2.19530056477822e+00
   2.46098840300458e+00
   1.55680487071783e+00
   2.25262376848627e+00
   2.15731277292315e+00
   1.63896796766365e+00
   1.13804942968888e+00
   2.31273026555048e+00
   1.22494019425254e+00
   2.28491121688231e+00
   9.64278413533327e-01
   1.85807599018481e+00
   1.59038853785241e+00
   1.18050217934003e+00
   9.72958835187383e-01
   2.10520313039291e+00
   1.59707555956970e+00
   2.74285929498897e+00
   2.02716443613657e+00
   2.29846581824517e+00
   2.24545672548706e+00
   1.88199781936220e+00
   2.73315100719457e+00
   2.23380312350869e+00
   1.89981109247715e+00
   1.15470748178019e+00
   2.17898708114526e+00
   8.25034426972152e-01
   1.78775202074267e+00
   2.17548343907667e+00
   2.44952063926987e+00
   1.53480654213207e+00
   2.21970629322963e+00
   2.16293066202965e+00
   1.63426282206825e+00
   1.14074318829753e+00
   2.28232707402906e+00
   1.21959884477956e+00
   2.23964445327336e+00
   9.14903762170724e-01
   1.86774170888958e+00
   1.51154652011500e+00
   1.14526658709338e+00
   9.51793343980806e-01
   2.05385811374184e+00
   1.57639890361423e+00
   2.68678704842598e+00
   2.00218790044667e+00
   2.31584072601699e+00
   2.25779799003644e+00
   1.85655230830130e+00
   2.76133789062314e+00
   2.19994635472804e+00
   1.87823821623801e+00
   1.11757588375079e+00
   2.14783555352632e+00
   7.89780797466678e-01
   1.71951748359873e+00
   2.16074434139455e+00
   2.44170785772127e+00
   1.51214162592686e+00
   2.19035002605953e+00
   2.17502993105371e+00
   1.62603716779895e+00
   1.14069321018445e+00
   2.25170175394919e+00
   1.21434380248546e+00
   2.19810108438994e+00
   8.78541835763087e-01
   1.87375770941709e+00
   1.45211594370857e+00
   1.12089046065451e+00
   9.40501945941536e-01
   2.00715813927879e+00
   1.55446762160596e+00
   2.63287729977750e+00
   1.97362658338670e+00
   2.31816590736810e+00
   2.26099795455889e+00
   1.84140502359248e+00
   2.78189004256709e+00
   2.17191608549427e+00
   1.85665495873980e+00
   1.08870899291386e+00
   2.12384708937038e+00
   7.62881103125156e-01
   1.66410774364328e+00
   2.14797616329061e+00
   2.43555013650768e+00
   1.48787356050225e+00
   2.16576638004823e+00
   2.19228175806079e+00
   1.61442091318430e+00
   1.13675570337261e+00
   2.22359907406042e+00
   1.20807765693335e+00
   2.16483515557654e+00
   8.51520664004660e-01
   1.87790272662759e+00
   1.40758508728116e+00
   1.10554895166735e+00
   9.37993435778656e-01
   1.96615562192709e+00
   1.53423880245012e+00
   2.58317276089812e+00
   1.94467805116488e+00
   2.29480015564802e+00
   2.25890380395385e+00
   1.82919253237291e+00
   2.79492400696001e+00
   2.14949403988978e+00
   1.83494531400013e+00
   1.06437458561342e+00
   2.10403743640699e+00
   7.40750233721527e-01
   1.61971218967866e+00
   2.13552865983171e+00
   2.43095183841607e+00
   1.46242466173819e+00
   2.14601430160500e+00
   2.21354804065643e+00
   1.60034858986929e+00
   1.12808208244852e+00
   2.20000465271092e+00
   1.19956574833288e+00
   2.14099378593575e+00
   8.30373397825546e-01
   1.88052847856537e+00
   1.37391165079646e+00
   1.09606835092929e+00
   9.40011369597020e-01
   1.92985651273487e+00
   1.51929865929563e+00
   2.54099063432629e+00
   1.91726722111088e+00
   2.24608445220324e+00
   2.25455775127325e+00
   1.81503140394761e+00
   2.80318536994669e+00
   2.13163202980701e+00
   1.81268051689081e+00
   1.04214994398648e+00
   2.08577529096295e+00
   7.21142841744466e-01
   1.58407554495427e+00
   2.12218154374808e+00
   2.42819472716143e+00
   1.43677786149592e+00
   2.13034893936282e+00
   2.23755687707324e+00
   1.58546946561097e+00
   1.11542414018310e+00
   2.18118327088292e+00
   1.18900772859788e+00
   2.12405660004751e+00
   8.12538752803437e-01
   1.88115925148549e+00
   1.34819139840070e+00
   1.08990429497087e+00
   9.42993000831936e-01
   1.89701146951385e+00
   1.50973008603310e+00
   2.50749764975245e+00
   1.89222996106374e+00
   2.18080662917052e+00
   2.24906448855063e+00
   1.79784167339373e+00
   2.80925614545386e+00
   2.11691914041153e+00
   1.79012433535510e+00
   1.02129982327750e+00
   2.06845967929522e+00
   7.03444829865996e-01
   1.55526764277302e+00
   2.10741433862665e+00
   2.42711103289040e+00
   1.41176993461986e+00
   2.11785229732844e+00
   2.26260849560243e+00
   1.57101206157083e+00
   1.10043044705828e+00
   2.16653917488935e+00
   1.17743727539627e+00
   2.11080777239260e+00
   7.96741378094056e-01
   1.87973303747412e+00
   1.32813149425064e+00
   1.08556109603606e+00
   9.45391892406751e-01
   1.86680733912796e+00
   1.50333437248761e+00
   2.48187983089198e+00
   1.86964033398058e+00
   2.10820580115099e+00
   2.24278261764690e+00
   1.77823551414088e+00
   2.81413201381006e+00
   2.10413430196466e+00
   1.76792892221190e+00
   1.00187036882111e+00
   2.05255615465073e+00
   6.87726312948663e-01
   1.53176767516845e+00
   2.09132245687352e+00
   2.42723598174047e+00
   1.38796468575127e+00
   2.10765611808704e+00
   2.28713258461196e+00
   1.55748530714722e+00
   1.08472039322735e+00
   2.15516292569118e+00
   1.16577424906128e+00
   2.09920586696799e+00
   7.82488307982032e-01
   1.87671056376812e+00
   1.31184679063672e+00
   1.08233849535153e+00
   9.47034992290598e-01
   1.83861640108336e+00
   1.49780431678052e+00
   2.46203853254490e+00
   1.84919562330616e+00
   2.03519026242469e+00
   2.23587451337538e+00
   1.75706873608436e+00
   2.81807139880567e+00
   2.09244021279268e+00
   1.74654367879952e+00
   9.84032313674311e-01
   2.03827842641376e+00
   6.74054559082669e-01
   1.51232926597854e+00
   2.07433018008742e+00
   2.42813504345643e+00
   1.36569178172870e+00
   2.09896342782752e+00
   2.31029974169152e+00
   1.54491356248497e+00
   1.06952505206184e+00
   2.14592195586733e+00
   1.15452580672290e+00
   2.08825411075679e+00
   7.69611135954641e-01
   1.87259639956006e+00
   1.29802593535024e+00
   1.07998285638104e+00
   9.48275847582766e-01
   1.81199851845647e+00
   1.49182953607222e+00
   2.44564490275312e+00
   1.83053670692769e+00
   1.96547397521636e+00
   2.22840737334858e+00
   1.73490912230959e+00
   2.82139311638880e+00
   2.08135914697269e+00
   1.72607590754012e+00
   9.67807637830512e-01
   2.02541829878306e+00
   6.62292395198423e-01
   1.49592573580690e+00
   2.05690967477942e+00
   2.42947456692104e+00
   1.34498672052290e+00
   2.09119935096364e+00
   2.33200604151167e+00
   1.53304361626754e+00
   1.05548502026412e+00
   2.13783602110523e+00
   1.14384063974859e+00
   2.07749845938569e+00
   7.58003684548986e-01
   1.86765644613856e+00
   1.28594641424939e+00
   1.07833137189264e+00
   9.49401486273376e-01
   1.78668904424322e+00
   1.48503030604139e+00
   2.43126144932011e+00
   1.81336826699982e+00
   1.90028882548348e+00
   2.22042181091534e+00
   1.71198287008853e+00
   2.82442255431288e+00
   2.07063343204777e+00
   1.70646853707138e+00
   9.53057158113344e-01
   2.01368805017933e+00
   6.52184447079267e-01
   1.48172651534620e+00
   2.03934769684232e+00
   2.43100713361122e+00
   1.32570062167739e+00
   2.08403361898748e+00
   2.35245710820244e+00
   1.52158044409726e+00
   1.04275320553688e+00
   2.13030936063205e+00
   1.13366766292119e+00
   2.06678154531348e+00
   7.47509206223945e-01
   1.86196495675707e+00
   1.27523269890011e+00
   1.07718089682145e+00
   9.50474351608907e-01
   1.76249597188933e+00
   1.47739049734601e+00
   2.41839444864611e+00
   1.79745084808059e+00
   1.83978723030166e+00
   2.21199168577595e+00
   1.68833896296355e+00
   2.82730470916949e+00
   2.06010464082113e+00
   1.68762291673291e+00
   9.39554339860328e-01
   2.00287246649113e+00
   6.43456795128248e-01
   1.46909762168564e+00
   2.02171059615277e+00
   2.43258119506640e+00
   1.30765501921545e+00
   2.07728213645070e+00
   2.37189234753472e+00
   1.51034106722423e+00
   1.03126737302875e+00
   2.12304753504686e+00
   1.12389316436268e+00
   2.05610928173056e+00
   7.37927785100782e-01
   1.85550769386535e+00
   1.26565405267351e+00
   1.07633613675124e+00
   9.51425750964378e-01
   1.73924541738538e+00
   1.46891286992319e+00
   2.40695612254127e+00
   1.78258176191357e+00
   1.78383324446113e+00
   2.20322671270576e+00
   1.66400358473547e+00
   2.83005907712605e+00
   2.04965877255782e+00
   1.66941095202505e+00
   9.27042421055550e-01
   1.99281157855461e+00
   6.35851600565689e-01
   1.45760096890363e+00
   2.00395598706234e+00
   2.43413205364461e+00
   1.29070137218509e+00
   2.07082995920956e+00
   2.39052030072790e+00
   1.49925962394109e+00
   1.02092703000040e+00
   2.11590654199594e+00
   1.11441244922562e+00
   2.04555332373009e+00
   7.29062228178394e-01
   1.84823094349219e+00
   1.25705006528048e+00
   1.07566065159705e+00
   9.52159902040602e-01
   1.71678386907563e+00
   1.45955652270310e+00
   2.39688413587610e+00
   1.76858965223211e+00
   1.73217754912017e+00
   2.19424005447796e+00
   1.63903927251952e+00
   2.83268874494008e+00
   2.03920638798749e+00
   1.65167407346740e+00
   9.15266816200061e-01
   1.98337770968491e+00
   6.29138223383803e-01
   1.44696385522449e+00
   1.98602909657586e+00
   2.43564538790359e+00
   1.27471913554658e+00
   2.06460015049993e+00
   2.40852004047531e+00
   1.48833070534673e+00
   1.01164081752826e+00
   2.10881115040654e+00
   1.10514849813895e+00
   2.03519999405862e+00
   7.20745760170038e-01
   1.84006384601528e+00
   1.24931056485772e+00
   1.07507846515783e+00
   9.52598375876108e-01
   1.69498525088756e+00
   1.44926067071971e+00
   2.38804140079394e+00
   1.75532863578298e+00
   1.68445450205381e+00
   2.18511964662055e+00
   1.61353252196707e+00
   2.83522072638775e+00
   2.02867237257130e+00
   1.63423346410635e+00
   9.03989784681289e-01
   1.97447067553169e+00
   6.23118249162329e-01
   1.43703010044565e+00
   1.96790282182941e+00
   2.43712827006528e+00
   1.25960589467230e+00
   2.05853888135624e+00
   2.42604695356014e+00
   1.47756874997768e+00
   1.00332561918278e+00
   2.10172148710601e+00
   1.09604835824639e+00
   2.02513134926203e+00
   7.12849458047893e-01
   1.83093312357718e+00
   1.24236652611312e+00
   1.07455514655200e+00
   9.52686754391316e-01
   1.67374671318089e+00
   1.43796395773155e+00
   2.38023782754218e+00
   1.74266945958502e+00
   1.64018463742817e+00
   2.17591500488982e+00
   1.58755439307224e+00
   2.83770338149730e+00
   2.01799093331835e+00
   1.61689811694560e+00
   8.92995476691135e-01
   1.96601546255054e+00
   6.17625639078582e-01
   1.42771374944235e+00
   1.94958448320994e+00
   2.43859536995550e+00
   1.24527019165563e+00
   2.05260532677566e+00
   2.44324084652735e+00
   1.46699136185270e+00
   9.95901976329561e-01
   2.09461606413155e+00
   1.08707537027732e+00
   2.01541810343265e+00
   7.05280440229811e-01
   1.82076861034122e+00
