   2.88332622825514e+00
   2.13630157423096e+00
   1.98604517574685e+00
   1.93549479743548e+00
   1.89674949075141e+00
   1.86470108486894e+00
   1.83782717240100e+00
   1.81501420578788e+00
   1.79513009613434e+00
   1.77720245680512e+00
   1.76060754148138e+00
   1.74515515496748e+00
   1.73079122353811e+00
   1.71743195578019e+00
   1.70494128465779e+00
   1.69317293449863e+00
   1.68199883713799e+00
   1.67131389097367e+00
   1.66103145063713e+00
   1.65107746118921e+00
   1.64138521809411e+00
