   1.34985396353427e-01   1.13996976425209e-02   2.42497708235657e-03  -1.34729334851063e-02   9.15935496686050e-02   1.12428052928125e-02   7.59668274370192e-02   7.22880561457384e-02   6.89849027666696e-02  -2.15626958760408e-02  -7.77003569990914e-04   6.02678484432392e-04   2.23577873202461e-02   6.12319094698282e-03  -2.01266613563083e-02  -8.24979762499091e-03  -3.03430328452073e-02
  -1.75436384834726e-04  -1.53290793008765e-04   3.95527242990529e-05   1.96669911399049e-04  -1.00863348315898e-04   6.98503187032812e-05  -3.91692305700507e-04  -6.02818579987809e-05  -1.38697237357656e-04   1.64680769855262e-04  -1.63911679066620e-04  -1.41901146117354e-05   1.47076016821586e-04  -1.86866896416806e-05   1.85241532179060e-04  -8.95082593861077e-05   1.03372291914129e-04
  -1.91228218054866e-02  -5.96551697555417e-02   8.86700272899252e-02   3.57324094087308e-02   4.02598851829597e-02   2.91150761701050e-02   7.69444819999545e-02   2.50597558448693e-02  -2.32426851858262e-02   6.68000935427726e-02  -1.07709132345506e-01   8.19012408722362e-02   2.02017355611608e-02   1.49520457238172e-03   8.55213010014564e-02  -2.48120383179130e-03   9.32870144258277e-02
  -7.16205334773031e-03   6.08095057333918e-03   2.20500040951476e-02  -1.30464179406939e-01   2.24256319367507e-02   1.88777301401192e-02   8.62757424374213e-02   2.30460154779010e-02  -1.12452885213367e-02  -5.83633711995086e-03   7.34458539975012e-04   3.77156959413704e-02   9.68613217372495e-03   5.75352789534747e-03  -6.13858106591798e-02   7.61690830360945e-03   1.14898060021166e-02
  -1.26429818686102e-02  -9.73122479954617e-03   7.62420407423928e-04   1.84093914702088e-02  -6.17553022654670e-03  -3.84911871287781e-03  -9.87014754585020e-03  -8.05698308357221e-03  -8.93836770603030e-03   5.55642038290096e-03  -5.68307420838624e-03  -6.54409526002232e-03  -6.25959979534565e-03  -1.95083841828150e-03   1.69240238553218e-02  -2.26378328721853e-03   4.47357134661104e-03
  -6.43124677486411e-03   2.78097546384938e-02  -1.98853200359608e-02   2.34382279797890e-02  -2.83431976358640e-02  -1.38864597224926e-02  -6.15281209254398e-02  -1.67357038461334e-02   8.22281479560013e-03  -9.58172330344578e-03   3.37172746550565e-02  -3.80782216923227e-02  -5.74151047785311e-03  -1.15042503272797e-03  -8.65368430605922e-03  -6.34754691738895e-03  -2.04068728359967e-02
   2.25671766419128e-02   5.63268426836862e-02  -9.50081889136753e-02  -1.97623180288715e-02  -3.82175754279498e-02  -2.70048695961794e-02  -7.64674445439882e-02  -2.59054416042982e-02   2.36997588812441e-02  -7.46438263613493e-02   1.14145532962357e-01  -9.24895473756230e-02  -2.56183033698162e-02  -2.34043673847273e-03  -7.15316442033632e-02   4.98353293287804e-03  -1.01981565306033e-01
  -9.66875621273578e-03  -4.11935721431501e-02   1.11788055357472e-02   6.48736909255554e-02   6.67377023745127e-03   2.92928426121722e-03   2.38431507842653e-03  -5.70986530250697e-03  -1.51227234564004e-02   1.56353693768441e-02  -3.59284913399548e-02   5.39526770904060e-05  -9.33889543458537e-03  -3.68687825221355e-03   6.07183880322714e-02  -4.12260493298589e-03   1.72235228457441e-02
   3.90764725513692e-04   8.34124568019552e-05  -1.70117240513711e-04  -2.10081475936807e-03   7.49525506637514e-04   3.95616589708807e-04   1.62614339144353e-03   3.83589908743415e-04  -1.93795029479516e-04  -1.02686264439370e-03   8.67327294490309e-04  -2.81170898765427e-04  -1.02856528177361e-04   1.91570138148957e-04  -1.04977815301580e-03   1.33578982433160e-04  -6.57225766987520e-04
  -1.03751893717730e-02  -9.49586304266316e-03   7.98441520104520e-04   8.80435224978729e-03  -2.14044047159110e-03  -5.72421606343997e-04  -4.11599454737066e-04  -5.41635324357605e-03  -9.49115325689061e-03  -2.25013538625867e-04  -2.01243831535091e-03  -9.47069126576232e-03  -7.17001929178894e-03  -9.32905387622126e-04   1.34370111819872e-02  -2.20898271193609e-03   1.10438984652163e-03
   1.55321042535788e-02   1.17344888916032e-02  -1.91681940431062e-03  -3.02794500584408e-02   9.11826219809098e-03   4.25810838454819e-03   1.92401717553413e-02   1.03972631976933e-02   1.00505197295728e-02  -9.54490143272668e-03   9.13348953312322e-03   1.01058216028092e-02   6.13254436843839e-03   2.81178213144173e-03  -2.46568951210709e-02   3.51343153239875e-03  -7.07229100940948e-03
  -2.61588083582578e-03   3.87550296689946e-05   1.00062580458345e-03   7.70093388112258e-03  -3.18307179009834e-03  -7.68796533485858e-04  -8.21408787119590e-03  -1.49801133928430e-03   2.94322521994719e-04   4.18983181374156e-03  -3.41617264910110e-03   1.24206617972070e-03   1.89024592236385e-03  -8.24624374306007e-04   2.96516690625005e-03   4.60943921911708e-04   2.83645133679103e-03
   1.04415443879941e-04  -2.58620363601935e-05   7.41814504575610e-06   1.61405196030293e-03  -3.69096703396244e-04  -4.67597616504992e-04  -8.27754391635682e-04  -2.82874312707287e-04   2.92701367981752e-04   5.75350062838730e-04  -3.54062484089192e-04   7.86628386587226e-05  -9.67803823326540e-05  -7.94480458642356e-05   6.31787225977574e-04  -2.95979363653717e-04   2.40307900858481e-04
  -9.92975153543089e-03  -7.71487045975712e-03   8.59368192262145e-04   7.66431879499854e-03  -2.49406215023225e-03  -7.89411878591763e-04  -1.54203669626121e-03  -4.89385549837611e-03  -8.60948202406808e-03   2.54553147058510e-04  -1.72754279366478e-03  -8.24286499037079e-03  -5.97873338017313e-03  -9.07270414408467e-04   1.13758922354995e-02  -2.03772814814098e-03   1.31075807497024e-03
   5.92126892204855e-04  -4.32694167778319e-03  -1.13567761060268e-03   1.93698639825482e-02  -1.38113918077681e-03  -2.92319512491352e-03  -9.28432935233486e-03  -3.20188225585797e-03  -2.22889345545618e-04   2.13287711749112e-03  -1.54829862725485e-03  -5.24478775285435e-03  -3.32316066844631e-03  -8.20781195074446e-04   9.57655625183189e-03  -3.04943269869688e-03  -3.45183898623739e-04
  -4.69847957965935e-02   2.74675759634295e-02  -6.22244777401127e-02   1.23505460465612e-01  -8.55901788868638e-02  -2.00924867853072e-02  -1.53285378025509e-01  -6.35799104721173e-02  -5.34668883802390e-03  -3.61991959199729e-02   6.60169235257893e-02  -1.02750841051569e-01  -2.56565800237088e-02  -9.05092562645982e-03   3.57406476956428e-02   4.39329743518030e-03  -5.53020826230620e-02
   3.83649666623754e-03   2.63202747662731e-03  -2.37337265253586e-04  -3.71988836727644e-03   1.52160696643254e-03   5.72538869116653e-04   2.03346017859360e-03   1.92871035518194e-03   2.76972371600950e-03  -1.07047786511145e-03   1.44502857945305e-03   1.36944124152686e-03   1.50803940764829e-03   4.92366866001267e-04  -3.34505803478939e-03   3.73877419072357e-04  -1.09385853384569e-03
  -2.74273489663595e-03  -1.61850955241822e-03   1.97855900221086e-04   1.99920844330295e-03  -8.31973469030772e-04  -2.92387136877019e-04  -1.02816352419703e-03  -1.14657804237667e-03  -1.95051073596352e-03   5.59179599249410e-04  -6.63897008804535e-04  -1.48094166950919e-03  -1.40241761598672e-03  -3.30870528744011e-04   1.77662367049281e-03  -3.88436970198998e-04   5.50558918625093e-04
   4.92469258497258e-02   1.68784785781088e-02  -8.50985033145311e-03  -5.23815802984322e-02   2.95686187322893e-02   1.32222005756108e-03   4.25538970728593e-02   2.43531931707050e-02   2.66479262622667e-02  -1.97633244150297e-02   1.94781147259035e-02   1.41076627022058e-02   1.48249344779498e-03   4.94925725495584e-03  -4.17462171770934e-02   5.16233838945239e-03  -2.07902974326828e-02
  -2.49606604010792e-03  -1.38267636200839e-03   1.51732702646558e-05   1.46053336499334e-03  -7.30203301265781e-04  -2.38909010375010e-04  -2.89487034595881e-04  -9.43622792904546e-04  -1.70872198849769e-03   4.18591474565324e-04  -6.28137243126097e-04  -4.86468197928299e-04  -1.63245383431067e-03  -2.92876736713961e-04   1.15922296510800e-03  -3.71287555259987e-04   4.13274692414016e-04
  -4.85402873795147e-02  -1.78432457772564e-02  -9.89174035644284e-04   8.77648153953813e-02  -3.73331374785117e-02  -6.95311338594145e-03  -7.04266480161013e-02  -3.32153601389309e-02  -2.53641005998253e-02   1.83996862281806e-02  -1.34134603777197e-02  -2.92085576429894e-02  -5.76343077744923e-03  -5.95621437666821e-03   5.27878411008757e-02  -1.09588988426608e-02   1.33295455199730e-02
   6.41889359942382e-03   4.04150900523517e-02   8.37531773913114e-03  -1.23756637328077e-01   1.05683786794959e-02   1.41669377310921e-02   4.22385968449547e-02   2.91278516313240e-02   1.22559963944064e-02  -9.23762020439090e-03   2.03516039257510e-02   3.79200073536689e-02   2.96787865729492e-02   4.92670514036829e-03  -1.07081303103452e-01   1.64465521807788e-02  -2.40808817522837e-03
   2.11007676560078e-02   5.52346836552426e-02  -9.37192011171970e-02   3.49565386061089e-03  -4.16407340802276e-02  -2.57096936833439e-02  -8.74349215763650e-02  -2.76309545922716e-02   2.47496311202771e-02  -7.33127167237017e-02   1.12036615600079e-01  -9.74039467195495e-02  -2.49407891155585e-02  -3.30521243251226e-03  -6.04367813144296e-02   5.02022643735356e-03  -1.01140980073106e-01
   8.88785346166374e-02   1.69431343293436e-02  -1.11150389103482e-02  -8.12894117751204e-03   4.87317140109217e-02  -4.67919448776864e-04   3.75524411932667e-02   3.95278075104390e-02   5.08099162399131e-02  -1.81785460089911e-02   1.39505172261290e-02   7.70532818586920e-03   5.10768639613080e-03   4.26743410417913e-03  -2.76355853664390e-02  -2.38293678089726e-03  -2.89007673660928e-02
  -9.26181226319592e-02   1.13976929144899e-02  -3.62504176227166e-02   7.45759560896941e-02  -9.55174050532617e-02  -2.10840634830744e-02  -1.19144514953531e-01  -7.76997589116510e-02  -3.42564100424186e-02  -7.25414900889575e-03   4.04815341104298e-02  -5.42279657399814e-02  -4.26750870246339e-02  -7.46546435688221e-03   3.01634281824567e-02  -3.96136091927406e-03  -1.48335931261746e-02
  -9.93286614903457e-02  -7.61481598785258e-03  -4.85614394383901e-03   4.09436395856568e-02  -7.27593955733161e-02  -1.22321927349067e-02  -7.37324553256486e-02  -5.91428867891255e-02  -4.94368671259683e-02   1.59795378453548e-02   3.74845463113259e-03  -1.90566277275472e-02  -2.16039091232589e-02  -5.66844702081942e-03   3.26717911951886e-02  -2.56195141686505e-03   1.89634235155116e-02
   1.76656083483315e-02  -3.81652541265327e-02   4.86700268215001e-03   1.16694600710135e-01   9.55222165046975e-03  -8.66877235848566e-03  -2.36455046007396e-02  -6.44949062988764e-03   4.24291007373109e-03   1.81855935044761e-02  -3.51811742871594e-02  -2.11670737356004e-02  -2.02335685801831e-02  -4.73782724888252e-03   9.58969855760507e-02  -1.71495194763031e-02   1.01356975688448e-02
  -4.83090357341880e-03  -3.83133914781621e-03   6.56229048457254e-04   6.99866788856974e-03  -1.83222085379601e-03  -4.81123236620125e-04  -4.18115485613962e-03  -2.65880670205574e-03  -3.40160608515849e-03   1.84988874486247e-03  -2.20990122837181e-03  -2.80803908784172e-03  -1.61372697778036e-03  -6.42832035794599e-04   5.39269749076514e-03  -7.28366302516415e-04   1.53948791987858e-03
   9.52349222727444e-03   7.51575736227965e-03  -3.08667931191140e-04  -1.35318702832454e-02   5.07701300239766e-03   3.67459678062034e-03   7.23027204577766e-03   6.23711409670778e-03   6.33658992881325e-03  -4.40163915460320e-03   5.24690301092963e-03   2.92669367129026e-03   5.14853424877311e-03   1.59965768812665e-03  -1.20593782682719e-02   9.76920281621369e-04  -3.54121331508528e-03
   8.33122707910930e-04   4.51726964054880e-04   2.21535718115367e-05  -3.81000376211815e-04   3.31711410250918e-04   3.58031757670058e-05   2.46696217410363e-04   3.04407496952717e-04   5.86635397661440e-04  -9.77973544442061e-05   2.13878158670287e-04   1.65700937278047e-04   3.72741525026969e-04   1.07777963376357e-04  -4.34883769782912e-04   4.29765128260067e-05  -1.30622072558717e-04
   1.56841398631487e-02   1.21213632297236e-02  -7.10639571865869e-04  -2.17770634740669e-02   8.09735276922602e-03   5.00795778776911e-03   1.15873193118977e-02   1.01426855795000e-02   1.10320661327369e-02  -6.50659603644683e-03   8.00503589026108e-03   6.93086740487789e-03   6.62895551507272e-03   2.34087834455426e-03  -2.05354536715646e-02   2.08477533577875e-03  -5.62940258369840e-03
   5.15452013820771e-03   3.82827017591411e-03  -1.25051513358994e-04  -5.51192151052829e-03   2.35975386580645e-03   1.88453699130168e-03   2.77753951195619e-03   3.01608182805439e-03   3.63883520278480e-03  -1.64657725411631e-03   2.14900734057444e-03   1.19420511479558e-03   2.76256370896470e-03   7.69080049660953e-04  -5.44768416323814e-03   4.29099058282060e-04  -1.49295022829862e-03
  -4.42799396087704e-02   1.04021861550116e-02  -9.07621724380164e-03   4.08695909321279e-02  -4.45065064422347e-02  -1.17538292262965e-02  -7.07681397695478e-02  -3.18225408472744e-02  -1.65136437689102e-02   3.09230058237041e-03   1.76527634436125e-02  -3.64381069335084e-02  -6.63768123622200e-03  -3.28988557274950e-03   1.54345887542404e-02  -6.71119236420016e-03  -2.72657078398014e-03
  -1.52931398171887e-02  -1.22058981580881e-02   2.49448859095669e-03   5.97992355647487e-02  -1.46264490615455e-02  -6.68999461375787e-03  -4.13874389367375e-02  -1.34806922742769e-02  -7.13804046129245e-03   1.57371772892136e-02  -1.41985731642490e-02  -1.36525541476317e-02  -2.86600196440255e-03  -4.13815857940586e-03   3.50595743223938e-02  -6.21877317756902e-03   9.68149475807435e-03
  -6.20561722845747e-02  -1.33538492261828e-02   3.36181890061981e-03   6.77500353999949e-02  -4.41794847761048e-02  -4.68752962286069e-03  -6.41826119157868e-02  -3.54350802024318e-02  -3.07622420377461e-02   2.00794050710176e-02  -1.39066255962764e-02  -2.12277281963332e-02  -4.96801587665440e-03  -5.59151152504159e-03   4.48938391580951e-02  -7.01963203050969e-03   1.94856862506943e-02
  -1.09957412713598e-02  -1.81537083136348e-02  -8.56498372161180e-03   1.15162609397361e-01  -2.15093809806925e-02  -1.35782105606143e-02  -7.03778003941885e-02  -2.45788981181515e-02  -3.98290980110092e-03   1.42374289260304e-02  -1.29653971008666e-02  -3.35077766987632e-02  -1.14481241706166e-02  -5.69663036715286e-03   6.69956268439260e-02  -1.32035888667394e-02   2.24254078177671e-03
   2.22527251476094e-02  -3.07719031949300e-02   6.44972353169708e-02  -9.42946792687504e-02   6.62837375904601e-02   2.37337740540414e-02   1.30798095188439e-01   4.86975717120357e-02  -3.63756696839982e-03   4.02609139395627e-02  -7.12969263712805e-02   1.00155812973954e-01   2.30456917528568e-02   7.26176773850152e-03  -1.82225116068956e-02  -1.40428434001181e-03   6.22646069603775e-02
   5.01929037484188e-02   5.75975354643870e-02  -1.26592067739845e-01   9.14452627316355e-03  -2.68545768762225e-02  -2.30888648567081e-02  -5.67202752815608e-02  -1.76688110750415e-02   3.49229164520099e-02  -1.04867094036512e-01   1.41482021889134e-01  -9.85258314963095e-02  -2.90196346651339e-02  -3.26513646651301e-03  -5.33328121666502e-02   1.78563357757771e-02  -1.37127050720923e-01
   2.59657698910370e-02  -3.01022230324141e-02   6.80848349610113e-02  -7.89017515577303e-02   6.75762901332842e-02   2.38251383706795e-02   1.22505094020652e-01   5.11483525807964e-02   4.42633853612737e-04   4.48006187873180e-02  -7.67868348705047e-02   9.89696620416735e-02   2.56953920689382e-02   6.88589907266615e-03  -1.13741184903582e-02  -9.99746558394176e-04   6.55982607131688e-02
   1.84153569350424e-02   3.49112148525840e-02   2.44938545455299e-02  -1.29357296377523e-01   2.51604711030972e-02   1.72903983067080e-02   5.32019889287858e-02   4.36307443180980e-02   1.91748039967924e-02   2.92125547318768e-03   8.12512569512663e-04   5.49012388483234e-02   3.49014113110404e-02   4.81162490275678e-03  -1.12727393414484e-01   1.04967421705537e-02   1.03634444511002e-02
  -1.04011941459800e-01  -1.23700439660005e-02   6.31085360181474e-03   1.81314039502261e-02  -6.62230650501113e-02  -4.64407647487337e-03  -6.22973078321906e-02  -5.07715037101154e-02  -5.44922292939832e-02   2.15198988026593e-02  -8.84973955657761e-03  -7.23417132375035e-03  -6.09305935288025e-03  -5.31030803752682e-03   2.33008880784747e-02   5.17340021088760e-03   2.93834363629083e-02
   3.70489514208048e-03   2.19116810165617e-03  -3.86355500536619e-04  -2.97872667030097e-03   1.18937078080346e-03   5.08288665567649e-04   1.51841093323984e-03   1.58043434822036e-03   2.63802167166053e-03  -8.10032376003282e-04   1.06384610501456e-03   1.77716180596438e-03   1.94544827762933e-03   4.39111060283529e-04  -2.96960851965383e-03   5.54408620077965e-04  -8.41024770530744e-04
   1.32845184721005e-03   7.30986991593920e-04  -6.61468329726702e-05  -9.43106229940708e-04   4.68391939521454e-04   1.67447576751168e-04   3.53514753009469e-04   5.08678160666046e-04   9.05746718454881e-04  -2.64170479372845e-04   4.08449082952202e-04   3.15835731579434e-04   7.82266901932942e-04   1.71855434021133e-04  -8.51158326522968e-04   2.52432682764715e-04  -2.67501509339943e-04
  -2.43302889532457e-02   2.41696817496288e-02  -6.81987481679981e-02   1.41130675546756e-01  -6.92574615525074e-02  -1.70307061371971e-02  -1.43033044436858e-01  -5.37450419490918e-02   2.50985725048045e-03  -4.33063861399185e-02   6.80628498745622e-02  -1.10445696924968e-01  -2.28364373417727e-02  -8.96195416808913e-03   5.32086068042495e-02   8.05444320326932e-03  -6.44156359104305e-02
  -2.35356512781594e-02  -1.80694730232894e-02   2.19142163171880e-03   3.40430233249361e-02  -1.19337270535582e-02  -5.72934371099349e-03  -1.87215930287931e-02  -1.45393496182546e-02  -1.67349171108720e-02   9.97219012682550e-03  -1.24393926637079e-02  -1.15706989396560e-02  -8.12819975050008e-03  -3.46201630076675e-03   3.22316845785712e-02  -4.11298071287214e-03   8.97878102780589e-03
  -1.97538155361444e-03  -1.49990568117682e-03   3.09800895752994e-06   3.10547098430598e-03  -1.21654856401851e-03  -9.70281854110646e-04  -1.62242611372148e-03  -1.40105680636612e-03  -1.26578199967075e-03   1.04194552690457e-03  -1.06260328487410e-03  -2.90668635289607e-04  -1.16346090667411e-03  -3.48809039139903e-04   2.52622108856503e-03  -3.94678394461792e-04   7.44396250907293e-04
   2.07771283312802e-02   1.47542595731825e-02  -3.34484422976458e-03  -4.61133350103419e-02   1.34262238536477e-02   4.80308893886097e-03   2.87620119196083e-02   1.37641984460505e-02   1.22372843514061e-02  -1.31984899587791e-02   1.32883568618453e-02   1.09937783960825e-02   4.36365173083631e-03   3.87339700263785e-03  -3.28542062620111e-02   4.99426269794512e-03  -1.00448034059508e-02
  -8.68210798536538e-03  -7.17010564858811e-03   2.52398397698937e-04   1.54802056145612e-02  -5.23827623159659e-03  -4.07949222090710e-03  -7.58790032949631e-03  -6.47083173378869e-03  -5.77754033586810e-03   4.64349859862344e-03  -5.01575022470355e-03  -3.20011789069905e-03  -5.14118980670137e-03  -1.52753204408682e-03   1.33796304507477e-02  -1.78843583675371e-03   3.57663663079370e-03
  -1.82978526688477e-02   2.96011201655310e-02  -7.83539902072289e-02   1.36661183662693e-01  -7.08769301920082e-02  -1.94228968864896e-02  -1.46199388093814e-01  -5.24806694968783e-02   6.00895517414053e-03  -5.30371469989852e-02   7.99075594091311e-02  -1.20448359151842e-01  -2.26172326866608e-02  -9.03955968639486e-03   4.16663841539702e-02   1.03426338012277e-02  -7.70699056122201e-02
   3.91129840767577e-02   5.66104148301898e-02  -3.59814817789975e-02  -5.11304788493594e-02  -4.04079375814653e-03  -1.51985715444064e-02  -1.69962537537112e-02   6.71160895379025e-03   3.68363026879564e-02  -2.99488643027164e-02   5.96307272569830e-02  -1.55094265223155e-02  -5.78378266025177e-03   3.91020396508584e-03  -6.23969096622989e-02   2.99223582035605e-03  -4.20062985788773e-02
