   7.10924762195280e-01   4.47334824204736e-01  -9.84441391818403e-03   4.61036352336446e-01   3.72561184793223e-01  -5.54475059407157e-01  -2.25587486302864e-01   4.19238225324845e-01  -3.75457355120235e-01   3.28247843088704e-01
  -8.59121158457010e-01  -2.28704537779184e-01  -7.12697927765181e-01   7.13977438773236e-01  -6.15025759430133e-01   2.87491756887435e-01   3.20801054516763e-01   3.21913195400199e-01   6.68307375123525e-01  -2.17817756301109e-01
  -9.29206217616780e-01   2.42604180553792e-01  -6.95377667554751e-01   8.77640668912800e-01  -3.88421417936419e-01   2.36049992263607e-01   1.89681112662755e-02   4.96590445225660e-02  -4.26754480790820e-01  -2.89440831634710e-01
  -3.56670336767374e-01   2.80347593229784e-01  -3.37556811666797e-01  -3.57405009328806e-02   2.70613148348695e-01   2.24253154236540e-02   7.68133384845728e-01   8.48067265399059e-01   2.06456406656555e-01   8.00640932996042e-02
  -3.68442256520132e-01  -6.57303555671508e-01  -3.16838174267431e-01  -3.15934696161250e-01  -4.75201216381265e-01   4.68704006448562e-01   2.44546074498460e-02   1.20175932428821e+00   1.47391557759914e-01   3.60022956700874e-01
  -7.51072449194919e-02   8.38386346737134e-01   4.75514244932365e-01   6.82718293420086e-01  -9.14033325219140e-02   2.70722602571587e-02   9.21725364189095e-02  -3.05669113279225e-01   7.09915242977872e-01  -1.33092868044189e-01
  -1.11355297360082e-01   3.21343676547614e-01   4.08079616591536e-01  -3.74726414611530e-01   6.13897474631823e-01   3.47612172838171e-01  -7.69295863509541e-01   3.78116555970198e-01  -1.71620387469272e-01  -2.29432959948901e-01
   1.32484136347950e-01  -5.95631569134966e-02   5.13431703636201e-01   8.08973547428093e-01  -1.06258945339277e-01  -1.67354880450984e-01   5.38398987960823e-02   8.05035235826232e-02   2.25612184877490e-01  -2.30406260492136e-01
   7.06297015413939e-01   5.68961887342495e-01   1.00567880107010e+00  -1.52821171068583e+00  -1.01447695253305e-01  -2.73852672758295e-01   4.58647511691014e-01   7.48343765948729e-02   8.74463019565618e-01   4.12501991668226e-01
   5.14905471949656e-01  -6.31449134618763e-01   5.43592280282023e-01   2.56235018108790e-02  -5.69911151683088e-01  -2.80174550963387e-01  -3.08789915450128e-01  -4.93631759591987e-01   3.64891159656678e-01   7.62776132737701e-01
   3.72111557017249e-02  -5.47742336547152e-01   3.28106736152466e-01   9.08222577023262e-02   6.01822821978084e-01   5.79612297357618e-01   7.96620437884386e-01  -7.87664265530447e-01  -3.20545675503566e-01  -5.02716608074661e-01
   4.07595362243513e-02   2.06843364543705e-01   6.15631796957803e-01   7.69644931277355e-01   1.40332137621377e-01  -7.16023883793204e-01  -6.46682198974763e-01  -3.77509963527521e-01  -5.29334587505236e-02   1.43884024196877e-01
   5.40576437005669e-01   8.13833995436070e-01   1.56401083800872e-01  -5.24265459821143e-02  -3.39933357510711e-01  -5.13942386527485e-01   2.02647765592132e-01  -2.01208082504521e-02   1.02033385245656e+00   2.85245332833305e-02
   4.34632166962089e-03  -5.13257796349178e-02   3.48948367980696e-01  -3.94478004516565e-01   7.48323291425701e-02  -5.14561762385620e-02  -3.85214223295724e-01   3.53838150689566e-01   1.22370964594239e+00  -1.44492751670918e-01
   5.33160957410802e-01  -3.56550984974909e-01  -2.83644885725329e-01  -7.08295422950854e-02  -2.21127047589733e-01  -5.50304712344135e-02  -7.18902920065869e-02   8.55191849287955e-01   1.61797101377869e-01   8.62481799620484e-02
   4.24850121498282e-01  -2.77700987595655e-03  -1.16858000971468e-01  -3.07596369961950e-01   2.13546317788264e-01   2.90740168636332e-02   1.08973134766421e+00  -4.83362247564311e-02  -6.25467317168464e-01   3.87882423329694e-01
   9.97512873656808e-01   1.21543648381083e-01   7.76963157656512e-01  -5.78823775556016e-01  -1.84559446910462e-01   2.06534990220115e-01   8.96074690044042e-01   1.82331189604453e-01  -3.66921755917576e-01  -8.22618780177052e-01
  -1.55290152090230e+00   4.34447447290935e-01   1.17983559546070e-01  -8.31267406177517e-01   7.43065365067789e-01   5.56448093666528e-01  -2.36948550828433e-01   5.78691691122590e-01  -8.34131465181032e-03   5.46613412249484e-01
   1.38558211385110e-01  -4.53229008600695e-01  -8.59016131893356e-01  -1.46172036424344e-01   3.72635949887512e-01   1.04306165181644e+00  -2.83505443516120e-01  -6.65909915746454e-01   3.90253052107506e-01  -4.87189003941416e-01
   3.28068373552391e-01   5.51216989103163e-01  -1.79550999456302e-01   4.94589184110699e-02  -1.76211986812020e-01   4.75544858559381e-01  -7.26012803899193e-01  -5.76955333514165e-01  -3.02220120291638e-01   2.62049542971707e-02
  -3.16981853269080e-01   3.42055004602138e-02  -7.16068097372124e-02   7.99180968855180e-01  -9.29579701808829e-02   1.02545900583092e+00  -6.43474445819006e-01  -6.30080699773672e-01   8.67932654808016e-02  -2.41095085607754e-01
   1.04224707037912e+00  -1.45762999303929e-01  -5.28117890221675e-01  -4.34725248250734e-05   1.54597959283280e-01   6.51668982580721e-01  -7.11906884780357e-01  -8.09391120892943e-02   2.97896433668622e-01   2.25084007804938e-01
  -1.31042354082307e-01  -5.99149065097180e-01   1.07291017480137e-01  -4.12869105570958e-01  -1.05110220326255e+00  -3.09581985799582e-01   7.85444957035840e-01  -1.93035012207750e-02  -1.74450306173078e-01   5.11634047576715e-01
   1.27181101056969e-01  -9.52156558622835e-01   9.57536337365225e-01   5.63659417522359e-01   1.55408325374295e-01   1.13050667665842e-01   3.21171296916418e-01   2.63815523020445e-01   1.02633226445016e-01  -7.00069417154869e-01
   7.26173849425083e-01   3.31806111899633e-01   3.57924778551988e-01   3.38521649019363e-01   2.37059386993708e-01   9.03403260145623e-01  -1.36367828129184e-01  -2.49817397640055e-01   7.09922609536564e-01  -2.81482585736910e-01
  -6.09915796080339e-01   6.87460673909000e-01   7.77446802691558e-01  -6.70508808461080e-01   3.47420824144690e-01  -3.59607946593225e-01   4.90403486308002e-01  -2.91780107876685e-01  -3.74109738365692e-01  -5.48923546036691e-01
   6.42105596314652e-01   5.01961371368714e-02  -2.33215288477238e-01   3.20862823789936e-01  -1.13218954877054e+00   3.70224104933745e-02   2.75387999543005e-02   3.06445521550317e-01   7.24598544367310e-01   3.20492476807855e-02
   1.22577005789116e-01   3.07123971420183e-01   2.75146296796006e-02   5.24952507919729e-01  -1.20679424468635e-01  -2.09340951430033e-01   3.03502685585613e-01   1.32460488432545e+00  -3.35766685290914e-01   1.67896200750645e-01
  -3.05776268774750e-01  -8.25706763103800e-02   3.82342526035386e-01   2.04626297762904e-01  -5.14174514043661e-01  -4.05404305196756e-01   5.59451351751598e-01   8.17094646367193e-02   2.95817285305955e-01  -4.25498976377886e-01
   2.37443467813470e-01  -5.62724257768669e-01   5.43082491019705e-02  -8.01575032245081e-02   2.24589221120855e-01   3.83480740469698e-02  -3.09002833892749e-01   2.59749590412311e-01   7.63709522293664e-01  -4.86285298152658e-01
   2.53305644188447e-02   1.30728453728974e+00  -4.30871990388064e-02   3.90482753073315e-01   5.84317334126742e-01  -9.43726551408373e-02  -3.52939510670764e-01   2.54023314603480e-03  -5.74532464575827e-01  -1.80297956219683e-01
  -2.92729577613789e-01  -1.02770552312803e+00   1.61356908369685e-01  -3.54112445912807e-01   8.01580322564548e-01  -7.69282211911727e-01   2.12127091104465e-01   4.88326831815509e-03  -4.75657770521273e-01  -5.82618953716753e-03
   5.14622845751914e-01  -4.02651806065140e-02  -6.80408710747837e-01   6.35315690212399e-01   2.59852008376634e-01  -1.88893632885200e-01  -9.77922999417596e-01  -1.49395099084205e-01   9.68430566492306e-01  -4.78172768435267e-01
   3.65508919047020e-01   2.19818493031706e-01   2.69295550828883e-02  -1.95058710556948e-01  -3.84343018897586e-01  -5.34906298776442e-01   2.03176689003276e-02   3.26947849714852e-01  -1.09989009967183e+00   7.33595854794836e-01
   9.54366459371123e-01   9.15720622817057e-01   9.87529828562288e-02   6.10501699511367e-01   2.84368734802932e-01  -6.79256696368018e-01   2.09507042533259e-01  -3.85270571961886e-01  -2.41584831702612e-01   2.02059584446339e-01
  -3.50764987735273e-01   4.44431781168963e-01  -5.12079292038088e-01   2.52185611997932e-01   7.41454494217865e-02  -2.06107613896003e-02   3.59266294827946e-01  -4.47303879981552e-01   3.42205852977745e-02   2.19499306566439e-02
   3.22650733191507e-01  -8.83605530034633e-01  -1.10578380716046e+00  -8.90255309351723e-01  -1.36031221839926e-01   4.59734999871905e-01   1.88003680358855e-01   5.95582986559466e-01  -1.65233549547505e-01  -4.98799532557368e-01
   9.43714393616370e-01  -6.46764595356782e-01  -5.09971281849661e-02   4.65587042511349e-01   5.34715283694117e-01  -5.48357976276246e-01  -1.27434229070202e+00   1.03382143710943e+00   1.51836631023380e-02  -5.15165590660045e-03
  -1.18299438833653e-01   2.75736925191791e-01   2.95415930363751e-01  -3.38907050441825e-02  -3.35230433775110e-01   3.55896733648084e-01   2.28344224723464e-01  -3.17879415290089e-01   1.45607693401926e-01   7.06208900872777e-01
   4.98974504947692e-01  -1.07529354111200e+00  -1.52244759572671e-01   8.53544433281896e-01  -2.02221369062891e-01   1.95294459676623e-01   4.02909214962494e-01   4.22343846133490e-01   9.51702819149812e-03   1.87386532408001e-01
   2.63472659515376e-01  -1.89419075405641e-01   2.61732056235668e-01   1.65695232712233e-01   7.91857628238981e-02  -4.83032577558305e-01   1.46716180452495e-01   3.41564450245926e-02  -1.01205722797465e+00  -2.55575703288587e-01
  -2.90225838184716e-01  -5.85447223699490e-01  -1.43920458689769e-01  -6.56174799068214e-01   3.21643158971442e-01   7.61978384905789e-01   9.62505019260383e-01  -2.68720847729637e-01   8.23212028263702e-01  -2.61605058256916e-01
  -5.40085224529860e-01   7.25087104197432e-01   4.34949713166845e-01   3.65135897560230e-01   2.37419978401424e-01  -3.62855151421229e-01  -8.51750562583418e-02  -1.21252827428104e-01   4.49065854637271e-01   1.08593898428149e+00
  -4.06276941752723e-01  -7.53714363009919e-01   4.91640155056498e-02  -7.03195434983738e-01  -3.93081280496088e-01  -3.31266844593160e-01   1.26428790945085e-01  -5.49945095038429e-02  -7.42461947975409e-01   4.78674697140535e-01
  -1.32052342365560e-01   3.69993666779565e-01   7.04015353995241e-03   3.03637159167306e-01  -5.08721753724301e-01   3.42559443180084e-02  -3.83660261652536e-01   7.15648871413804e-02   5.56403506868042e-01  -4.85767016988082e-02
   9.44065198530687e-03   3.85989278313333e-01  -3.19261420250741e-01  -8.09578698551791e-01   4.02656896482019e-02  -9.73574645671011e-01   1.60462542266042e-01  -4.76106284405269e-01   2.90290903725717e-01  -1.98986181059848e-01
   3.93501935715969e-01  -1.11827446057051e-01   2.87531142150046e-01   5.28564316308989e-01   7.29941651642626e-01  -3.70994319809258e-01  -1.09018120875252e-01   4.12302058256951e-01   7.89921941051285e-01  -6.38629417947992e-01
   3.50462507055487e-01   4.44493568444103e-01  -2.07640196493725e-01   5.74453004601879e-01   4.68865956282434e-01   9.53906077249570e-01   5.72560381686664e-02  -1.12802623179778e+00  -1.93822884029230e-01   3.68311031844450e-01
  -8.21523851322511e-02  -2.64208305526083e-01   4.16398209893957e-01  -5.03175738331761e-02  -8.30500996763558e-01   7.50617208285578e-01  -6.92363901169821e-01   1.01508649303700e-01  -5.19938092232249e-01   4.91404318084784e-01
   8.80039285274875e-01   1.43709071436180e-01  -2.31225148199673e-01  -4.05472081055820e-01  -3.83664585665187e-01   2.28768102477347e-01  -6.96648029479511e-02   9.67687588834543e-01   1.41289223621885e-01  -4.03559203165102e-01
