   3.72012462260850e+00
   2.99161637304884e+00
   2.68986125268745e+00
   2.24851258311903e+00
   1.93645483372160e+00
   1.87145913286316e+00
   1.82428415702592e+00
   1.79216342991240e+00
   1.76961797503508e+00
   1.75280243837271e+00
   1.73896388603156e+00
   1.72630857307812e+00
   1.71386676195270e+00
   1.70548713645587e+00
   1.90139805827741e+00
   1.88228578800360e+00
   1.85321549106494e+00
   1.83719523419919e+00
   1.82460991916666e+00
   1.81367112516272e+00
   1.80361547929122e+00
   1.79405794948922e+00
   1.78478827537949e+00
   1.77568587218441e+00
   1.76668118134148e+00
   1.75773696805749e+00
   1.74883827702108e+00
   1.73998617558135e+00
   1.73119321958579e+00
   1.72247978107402e+00
   1.71387088640016e+00
   1.70539344344095e+00
   1.69707386086126e+00
   1.68893612956864e+00
   1.68100044532113e+00
   1.67328240497639e+00
   1.66579273474118e+00
   1.65853744509264e+00
   1.65151827788028e+00
   1.64473331708072e+00
   1.63817766146079e+00
   1.63184408928187e+00
   1.62572367257721e+00
   1.61980631845666e+00
   1.61408122810839e+00
   1.60853727255818e+00
   1.60316328946327e+00
   1.59794830834842e+00
   1.59288171338575e+00
   1.58795335347504e+00
   1.58315360928003e+00
   1.57847342624308e+00
   1.57390432163073e+00
   1.56943837251674e+00
   1.56506819041946e+00
   1.56078688717131e+00
   1.55658803557346e+00
   1.55246562751102e+00
   1.54841403148256e+00
   1.54442795092636e+00
   1.54050238428564e+00
   1.53663258742558e+00
   1.53281403877285e+00
   1.52904240737291e+00
   1.52531352393649e+00
   1.52162335486086e+00
   1.51796797915738e+00
   1.51434356819084e+00
   1.51074636813690e+00
   1.50717268509448e+00
   1.50361887285279e+00
   1.50008132341191e+00
   1.49655646049827e+00
   1.49304073650722e+00
   1.48953063355510e+00
   1.48602266964286e+00
   1.48251341133604e+00
   1.47899949486598e+00
   1.47547765816191e+00
   1.47194478702746e+00
   1.46839797943468e+00
   1.46483463260380e+00
   1.46125255789796e+00
   1.45765012802979e+00
   1.45402645856448e+00
   1.45038161918717e+00
   1.44671685606780e+00
   1.44303477880630e+00
   1.43933941446990e+00
   1.43563594500608e+00
   1.43192981404232e+00
   1.42822473082544e+00
   1.42451900921865e+00
   1.42079994136207e+00
   1.41703709331968e+00
   1.41317816636344e+00
   1.40915470516983e+00
   1.40490441362634e+00
   1.40040314758419e+00
   1.39567829453086e+00
   1.39078875416986e+00
   1.38580259454450e+00
   1.38077228198618e+00
   1.37574246680635e+00
   1.37079643065088e+00
   1.36621620943109e+00
   1.36222495038280e+00
   1.35905377893671e+00
   1.35614580888899e+00
   1.35677318820209e+00
   1.34572553136278e+00
   1.44967653794033e+00
   1.60829704841282e+00
   1.38871029687059e+00
   1.37287151927424e+00
   1.36160289207962e+00
   1.35270136187151e+00
   1.34607133461782e+00
   1.33941267594144e+00
   1.33619326694803e+00
   1.32730778696110e+00
   1.55553800287713e+00
   1.37201356036523e+00
   1.35048670129277e+00
   1.33971034733887e+00
   1.33385152809890e+00
   1.32779015372638e+00
   1.32283190238359e+00
   1.31610698001700e+00
   1.37923424245456e+00
   1.44901643034405e+00
   1.31078859149580e+00
   1.35434442810327e+00
   1.32212612442018e+00
   1.33331679401113e+00
   1.31814690594179e+00
   1.31351795507614e+00
   1.30869603641586e+00
   1.30443777384059e+00
   1.30129941435525e+00
   1.32772570931858e+00
   1.42417308855596e+00
   1.87850554534620e+00
   1.64680700413778e+00
   1.60851548989155e+00
   1.58652325296128e+00
   1.53608940932180e+00
   1.51678798727825e+00
   1.50663955596526e+00
   1.49816799467872e+00
   1.49018348197870e+00
   1.48209626864227e+00
   1.47355331072985e+00
   1.46430304026807e+00
   1.45424290659532e+00
   1.44346355692075e+00
   1.43218678228819e+00
   1.42063492972895e+00
   1.40895638797649e+00
   1.39723726873731e+00
   1.38554312888965e+00
   1.37395535628991e+00
   1.36259344831663e+00
   1.35161525552794e+00
   1.34119135056968e+00
   1.33146522257366e+00
   1.32252053836706e+00
   1.31437127939033e+00
   1.30697674217288e+00
   1.30026996233689e+00
   1.29418133445450e+00
   1.28864453908303e+00
   1.28359479916014e+00
   1.27897598833757e+00
   1.27474136504162e+00
   1.27082803805016e+00
   1.26712116329798e+00
   1.26344143786064e+00
   1.25959606261152e+00
   1.25550651707324e+00
   1.25127489909094e+00
   1.24704651464452e+00
   1.24282377597390e+00
   1.23840563638484e+00
   1.23351166011298e+00
   1.22822560233103e+00
   1.22304038712303e+00
   1.21836844400322e+00
   1.21424066899824e+00
   1.20888920498966e+00
   1.20154209028973e+00
   1.19741487160317e+00
   1.19563788028930e+00
   1.20527003132002e+00
   1.18467342391029e+00
   1.20129322200363e+00
   1.19673482763337e+00
   1.20671965991058e+00
   1.18192351131643e+00
   1.18804264949743e+00
   1.18461021051300e+00
   1.18305746211570e+00
   1.15946049703377e+00
   1.16066296043396e+00
   1.59974153459097e+00
   1.34621667165930e+00
   1.28545064721552e+00
   1.25187949837493e+00
   1.22757968613869e+00
   1.20667387239294e+00
   1.18870823425775e+00
   1.17386165069590e+00
   1.16258929084218e+00
   1.15447091754524e+00
   1.14816043031448e+00
   1.14336400565982e+00
   1.13689489996125e+00
   1.23267883952114e+00
   1.69179263075160e+00
   1.39422990786020e+00
   1.32409179188523e+00
   1.28952383030086e+00
   1.26466209480119e+00
   1.24456417769030e+00
   1.22656101787960e+00
   1.20949274711278e+00
   1.19305033553548e+00
   1.17737908536194e+00
   1.16297667209450e+00
   1.15073769871432e+00
   1.14141142982082e+00
   1.13417068529517e+00
   1.13156253971406e+00
   1.13092643966989e+00
   1.39055137543596e+00
   1.60699517880604e+00
   1.26940012177340e+00
   1.24235975186739e+00
   1.22113309776154e+00
   1.20434653039270e+00
   1.18898186433151e+00
   1.17480520767104e+00
   1.16200515288614e+00
   1.15091471114654e+00
   1.14190634960904e+00
   1.13494884592198e+00
   1.12953995053212e+00
   1.12536193152823e+00
   1.12154307342848e+00
   1.12031271074050e+00
   1.11623153062351e+00
   1.22585733407690e+00
   1.21968380073250e+00
   1.15586728061604e+00
   1.14187202560990e+00
   1.12800513518580e+00
   1.12061485275043e+00
   1.11402430216410e+00
   1.16337805618057e+00
   1.11314378908857e+00
   1.14071280117128e+00
   1.11779464830247e+00
   1.18492288878228e+00
   1.57315300717606e+00
   1.20906090983114e+00
   1.15723078897661e+00
   1.12966566545335e+00
   1.11829286196028e+00
   1.10554624890696e+00
   1.56360950110249e+00
   1.34327237126812e+00
   1.25209089073810e+00
   1.22644234563898e+00
   1.20613440991862e+00
   1.18817728157030e+00
   1.17189706863013e+00
   1.15700768446221e+00
   1.14351947251927e+00
   1.13159849494923e+00
   1.12141065527491e+00
   1.11303010583270e+00
   1.10635484707709e+00
   1.10107176539384e+00
   1.09681019623850e+00
   1.09323943597025e+00
   1.09017781314137e+00
   1.08737434464517e+00
   1.08509685626482e+00
   1.10278526828355e+00
   1.07031446598479e+00
   1.72189559927288e+00
   1.28374833028983e+00
   1.18642866876037e+00
   1.14681707466483e+00
   1.12590377702955e+00
   1.41473429731672e+00
   1.24696464715020e+00
   1.17503803405622e+00
   1.14434681889308e+00
   1.13114576628952e+00
   1.11792801133575e+00
   1.10576138722265e+00
   1.13143601163216e+00
   1.32164820041051e+00
   1.20544926290058e+00
   1.13259993985299e+00
   1.12118717308929e+00
   1.11369814532821e+00
   1.10163835034325e+00
   1.08876634709016e+00
   1.39973381766670e+00
   1.21454899102647e+00
   1.14096901734414e+00
   1.12395511468099e+00
   1.11012527867824e+00
   1.09818061369376e+00
   1.08648741258671e+00
   1.07748275705133e+00
   1.21561508710815e+00
   1.44214348256649e+00
   1.15773268461423e+00
   1.12748449855248e+00
   1.10695928404119e+00
   1.09547503922741e+00
   1.08786585241843e+00
   1.07904392987940e+00
   1.06615402021559e+00
   1.07247691007203e+00
   1.01742412279482e+00
   1.52087049269088e+00
   1.35503199214993e+00
   1.22584275810382e+00
   1.18717986432400e+00
   1.16613052438939e+00
   1.14899472455658e+00
   1.13401430438283e+00
   1.12047555588000e+00
   1.10815086743737e+00
   1.09703280718839e+00
   1.08716444166156e+00
   1.07857691193242e+00
   1.07128686748535e+00
   1.06490240388315e+00
   1.05622045752753e+00
   1.15539033105829e+00
   1.64082739847565e+00
   1.41166943405501e+00
   1.25723403271757e+00
   1.21626865429357e+00
   1.19158534808593e+00
   1.16944724665441e+00
   1.14982845777914e+00
   1.13306436442881e+00
   1.11903215009356e+00
   1.10745031632000e+00
   1.09799805383662e+00
   1.09031713918327e+00
   1.08402761738301e+00
   1.07875606376178e+00
   1.07417636184380e+00
   1.07002045524239e+00
   1.06610721425067e+00
   1.06227588992446e+00
   1.05845498707745e+00
   1.05353011426917e+00
   1.16574506582285e+00
   1.56355862353538e+00
   1.20703189885194e+00
   1.15661806022164e+00
   1.12643629784926e+00
   1.10279001527418e+00
   1.08547074838711e+00
   1.07368342679521e+00
   1.06487836328244e+00
   1.05776698116565e+00
   1.05172842376191e+00
   1.04626641371240e+00
   1.04102030116094e+00
   1.03882647017198e+00
   1.43692021991676e+00
   1.31129417298196e+00
   1.16525291042055e+00
   1.13507156909846e+00
   1.11207589576841e+00
   1.09267801436777e+00
   1.07697591746999e+00
   1.06540561752736e+00
   1.05630322683374e+00
   1.04593659387753e+00
   1.04708652781883e+00
   1.45632702666628e+00
   1.31480760015745e+00
   1.17527973501660e+00
   1.14727035863260e+00
   1.12497980393053e+00
   1.10519531056007e+00
   1.08771664432601e+00
   1.07301538655754e+00
   1.06229214731438e+00
   1.05321886094426e+00
   1.04078496554055e+00
   1.03835045785614e+00
   1.24043910585609e+00
   1.06469613371752e+00
   1.06308510082107e+00
   1.10336331462553e+00
   1.08071615984443e+00
   1.04568702950362e+00
   1.03397726903819e+00
   9.99151651170687e-01
   1.30835020767906e+00
   1.63715269107099e+00
   1.23487000621755e+00
   1.13357674959287e+00
   1.09442119697923e+00
   1.07266937392139e+00
   1.05761755157685e+00
   1.04718180563482e+00
   1.03819672781621e+00
   1.02878526754237e+00
   1.01766023080212e+00
   1.20624010472129e+00
   1.09317741980886e+00
   1.09646963817720e+00
   1.12002318364464e+00
   1.10138197056045e+00
   1.04337424325457e+00
   1.03535944113249e+00
   1.02211612491064e+00
   1.02338880214734e+00
   1.30563118369915e+00
   1.08820694619972e+00
   1.05383597821169e+00
   1.03996037025133e+00
   1.02740044331590e+00
   1.05117616714241e+00
   1.11624762714819e+00
   1.10547296468906e+00
   1.04449451558769e+00
   1.01233583093687e+00
   9.92987794033874e-01
   9.85693592746939e-01
   9.79269329987108e-01
   9.76218096477984e-01
   9.73217235961378e-01
   9.70992290032013e-01
   9.76716775446435e-01
   9.72856549066878e-01
   9.72944116441847e-01
   1.23386524200869e+00
   1.32962244146481e+00
   1.14461999841936e+00
   1.07729267891592e+00
   1.04503795242818e+00
   1.00745015328908e+00
   9.92466997311182e-01
   1.37695573645633e+00
   1.13926559021511e+00
   1.10279857555805e+00
   1.07759147336535e+00
   1.05573106499161e+00
   1.03485129236497e+00
   1.00768882656645e+00
   9.88019259081203e-01
   1.31258132226536e+00
   1.11002807065970e+00
   1.06227015369009e+00
   1.05286964028270e+00
   1.03441187915350e+00
   1.01981515449971e+00
   1.27603064128875e+00
   1.14969754174453e+00
   1.08978695667980e+00
   1.03859951184441e+00
   1.00985311314388e+00
   9.89453451735248e-01
   9.79014840623458e-01
   9.75877000190105e-01
   9.73718518460058e-01
   9.71953319511924e-01
   9.69991234203745e-01
   9.67619909490263e-01
   9.65488952924400e-01
   9.63773036894306e-01
   9.62014238539717e-01
   9.61600067632581e-01
   9.59038572472302e-01
   9.61601173132603e-01
   9.56621710050336e-01
   9.59439898315279e-01
   9.68195937409904e-01
   2.24364991326835e+00
   2.73070041237163e+00
   2.06203121510433e+00
   1.91698199335930e+00
   1.88060039446511e+00
   1.86229245065373e+00
   1.84724434511327e+00
   1.83153829036137e+00
   1.81242521528062e+00
   1.75423697378048e+00
