   0.00000000000000e+00   3.80084637989912e+00   1.64984420907234e-02   2.85714285714286e-01   1.00000000000000e+00
   1.00000000000000e-02   2.86133112291359e+00   4.73362937428980e-02   4.28571428571429e-01   1.00000000000000e+00
   2.00000000000000e-02   2.44049298521002e+00   2.96547203736656e-01   2.85714285714286e-01   9.54545454545455e-01
   3.00000000000000e-02   1.71584562927563e+00   1.03564113346074e+00   4.28571428571429e-01   5.90909090909091e-01
   4.00000000000000e-02   1.89198686459719e+00   1.07354298613359e+00   4.28571428571429e-01   7.72727272727273e-01
   5.00000000000000e-02   2.36366488413347e+00   1.28503708130684e-01   4.28571428571429e-01   1.00000000000000e+00
   6.00000000000000e-02   1.51442466121650e+00   4.76696028246401e-01   4.28571428571429e-01   9.09090909090909e-01
   7.00000000000000e-02   2.30407499055624e+00   3.13876547265710e-01   4.28571428571429e-01   1.00000000000000e+00
   8.00000000000000e-02   2.06853857575328e+00   3.21166436741864e-01   4.28571428571429e-01   9.09090909090909e-01
   9.00000000000000e-02   2.00546105006917e+00   3.47488118648553e-01   2.85714285714286e-01   8.63636363636364e-01
   1.00000000000000e-01   1.89618959008185e+00   4.30557074813379e-01   4.28571428571429e-01   8.63636363636364e-01
   1.10000000000000e-01   1.91551877059789e+00   4.91078226527921e-01   4.28571428571429e-01   8.18181818181818e-01
   1.20000000000000e-01   2.20470880495934e+00   9.26057595538305e-01   2.85714285714286e-01   6.81818181818182e-01
   1.30000000000000e-01   1.37761882079510e+00   4.91090640554297e-01   4.28571428571429e-01   8.18181818181818e-01
   1.40000000000000e-01   1.71173540102047e+00   4.77956063989545e-01   4.28571428571429e-01   8.63636363636364e-01
   1.50000000000000e-01   1.83750399895975e+00   5.41315892313972e-01   4.28571428571429e-01   8.18181818181818e-01
   1.60000000000000e-01   1.41926732519649e+00   6.32174361101533e-01   4.28571428571429e-01   7.72727272727273e-01
   1.70000000000000e-01   1.51068986662382e+00   6.99609069462025e-01   2.85714285714286e-01   8.18181818181818e-01
   1.80000000000000e-01   1.79057501733358e+00   1.01324228364572e+00   2.85714285714286e-01   6.36363636363636e-01
   1.90000000000000e-01   1.55555204285392e+00   7.06891074877654e-01   5.71428571428571e-01   8.18181818181818e-01
   2.00000000000000e-01   1.81555041125573e+00   1.00388339392573e+00   4.28571428571429e-01   7.27272727272727e-01
   2.10000000000000e-01   1.99416215330477e+00   1.22511232585660e+00   2.85714285714286e-01   5.90909090909091e-01
   2.20000000000000e-01   1.35650600422407e+00   8.08457648510383e-01   4.28571428571429e-01   8.18181818181818e-01
   2.30000000000000e-01   1.81827796838780e+00   1.02414132352102e+00   4.28571428571429e-01   6.81818181818182e-01
   2.40000000000000e-01   1.36106435854861e+00   9.19051190997574e-01   4.28571428571429e-01   6.81818181818182e-01
   2.50000000000000e-01   1.44738871341246e+00   1.64578591710765e+00   5.71428571428571e-01   3.63636363636364e-01
   2.60000000000000e-01   1.36998356978016e+00   1.01693900146406e+00   4.28571428571429e-01   6.81818181818182e-01
   2.70000000000000e-01   1.75933670989730e+00   1.30061139589640e+00   2.85714285714286e-01   5.45454545454545e-01
   2.80000000000000e-01   1.63999513044632e+00   1.35973248980484e+00   5.71428571428571e-01   4.54545454545455e-01
   2.90000000000000e-01   1.91467457640548e+00   1.66433791567807e+00   1.42857142857143e-01   3.18181818181818e-01
   3.00000000000000e-01   1.67404842603218e+00   1.46634929958525e+00   5.71428571428571e-01   4.09090909090909e-01
   3.10000000000000e-01   1.66586729941715e+00   1.52014404577070e+00   5.71428571428571e-01   4.09090909090909e-01
   3.20000000000000e-01   1.66371117508084e+00   1.54023495856254e+00   5.71428571428571e-01   4.09090909090909e-01
   3.30000000000000e-01   1.66162898981450e+00   1.50453346872906e+00   5.71428571428571e-01   4.09090909090909e-01
   3.40000000000000e-01   1.67269595367423e+00   1.54476174604071e+00   5.71428571428571e-01   4.09090909090909e-01
   3.50000000000000e-01   1.67445631381793e+00   1.61746670496185e+00   5.71428571428571e-01   3.63636363636364e-01
   3.60000000000000e-01   1.58063151176565e+00   1.36521004933173e+00   4.28571428571429e-01   4.54545454545455e-01
   3.70000000000000e-01   1.69290883726087e+00   1.64156625527060e+00   5.71428571428571e-01   3.63636363636364e-01
   3.80000000000000e-01   1.64835141191165e+00   1.59221271400103e+00   5.71428571428571e-01   3.63636363636364e-01
   3.90000000000000e-01   1.70349098915754e+00   1.68702064756511e+00   5.71428571428571e-01   3.63636363636364e-01
   4.00000000000000e-01   1.71337178813013e+00   1.70653914494868e+00   5.71428571428571e-01   3.63636363636364e-01
   4.10000000000000e-01   1.71752056100341e+00   1.71185576541553e+00   5.71428571428571e-01   3.63636363636364e-01
   4.20000000000000e-01   1.74619100947640e+00   1.76468261156531e+00   5.71428571428571e-01   3.63636363636364e-01
   4.30000000000000e-01   1.76976290823401e+00   1.80134264531399e+00   5.71428571428571e-01   3.18181818181818e-01
   4.40000000000000e-01   1.78532055530917e+00   1.82578273133007e+00   5.71428571428571e-01   3.18181818181818e-01
   4.50000000000000e-01   1.81454747520828e+00   1.86243260223791e+00   4.28571428571429e-01   3.18181818181818e-01
   4.60000000000000e-01   1.81194470372786e+00   1.85882401913111e+00   4.28571428571429e-01   3.18181818181818e-01
   4.70000000000000e-01   1.83553440385149e+00   1.88194886475888e+00   4.28571428571429e-01   3.18181818181818e-01
   4.80000000000000e-01   1.83068071161647e+00   1.87761587044626e+00   4.28571428571429e-01   3.18181818181818e-01
   4.90000000000000e-01   1.85070970991506e+00   1.89524527829331e+00   4.28571428571429e-01   2.72727272727273e-01
   5.00000000000000e-01   1.86137829258685e+00   1.90468510303085e+00   1.42857142857143e-01   2.27272727272727e-01
   5.10000000000000e-01   1.88292648302008e+00   1.92224477225780e+00   1.42857142857143e-01   2.27272727272727e-01
   5.20000000000000e-01   1.91139112383284e+00   1.94531747473627e+00   1.42857142857143e-01   2.27272727272727e-01
   5.30000000000000e-01   1.91138113512646e+00   1.94531746134860e+00   1.42857142857143e-01   2.27272727272727e-01
   5.40000000000000e-01   1.91138370495878e+00   1.94531745603707e+00   1.42857142857143e-01   2.27272727272727e-01
   5.50000000000000e-01   1.91139156354744e+00   1.94531083651888e+00   1.42857142857143e-01   2.27272727272727e-01
   5.60000000000000e-01   1.91136728281612e+00   1.94531606644309e+00   1.42857142857143e-01   2.27272727272727e-01
   5.70000000000000e-01   1.91114353036692e+00   1.94531788501696e+00   1.42857142857143e-01   2.27272727272727e-01
   5.80000000000000e-01   1.91137966705060e+00   1.94531747973612e+00   1.42857142857143e-01   2.27272727272727e-01
   5.90000000000000e-01   1.91135425398895e+00   1.94531747323460e+00   1.42857142857143e-01   2.27272727272727e-01
   6.00000000000000e-01   1.91136538858067e+00   1.94531746410308e+00   1.42857142857143e-01   2.27272727272727e-01
