   0.00000000000000e+00   0.00000000000000e+00   0.00000000000000e+00   0.00000000000000e+00   0.00000000000000e+00
   0.00000000000000e+00   0.00000000000000e+00   0.00000000000000e+00   0.00000000000000e+00   0.00000000000000e+00
   0.00000000000000e+00   0.00000000000000e+00   0.00000000000000e+00   0.00000000000000e+00   0.00000000000000e+00
   0.00000000000000e+00   0.00000000000000e+00   0.00000000000000e+00   0.00000000000000e+00   0.00000000000000e+00
   0.00000000000000e+00   0.00000000000000e+00   0.00000000000000e+00   0.00000000000000e+00   0.00000000000000e+00
   0.00000000000000e+00   0.00000000000000e+00   0.00000000000000e+00   0.00000000000000e+00   0.00000000000000e+00
   0.00000000000000e+00   0.00000000000000e+00   0.00000000000000e+00   0.00000000000000e+00   0.00000000000000e+00
   0.00000000000000e+00   0.00000000000000e+00   0.00000000000000e+00   0.00000000000000e+00   0.00000000000000e+00
   0.00000000000000e+00   0.00000000000000e+00   0.00000000000000e+00   0.00000000000000e+00   0.00000000000000e+00
   0.00000000000000e+00   0.00000000000000e+00   0.00000000000000e+00   0.00000000000000e+00   0.00000000000000e+00
   0.00000000000000e+00   0.00000000000000e+00   0.00000000000000e+00   0.00000000000000e+00   0.00000000000000e+00
   0.00000000000000e+00   0.00000000000000e+00   0.00000000000000e+00   0.00000000000000e+00   0.00000000000000e+00
   0.00000000000000e+00   0.00000000000000e+00   0.00000000000000e+00   0.00000000000000e+00   0.00000000000000e+00
   0.00000000000000e+00   0.00000000000000e+00   0.00000000000000e+00   0.00000000000000e+00   0.00000000000000e+00
   0.00000000000000e+00   0.00000000000000e+00   0.00000000000000e+00   0.00000000000000e+00   0.00000000000000e+00
   0.00000000000000e+00   0.00000000000000e+00   0.00000000000000e+00   0.00000000000000e+00   0.00000000000000e+00
   0.00000000000000e+00   0.00000000000000e+00   0.00000000000000e+00   0.00000000000000e+00   0.00000000000000e+00
   0.00000000000000e+00   0.00000000000000e+00   0.00000000000000e+00   0.00000000000000e+00   0.00000000000000e+00
   0.00000000000000e+00   0.00000000000000e+00   0.00000000000000e+00   0.00000000000000e+00   0.00000000000000e+00
   0.00000000000000e+00   0.00000000000000e+00   0.00000000000000e+00   0.00000000000000e+00   0.00000000000000e+00
   0.00000000000000e+00   0.00000000000000e+00   0.00000000000000e+00   0.00000000000000e+00   0.00000000000000e+00
   0.00000000000000e+00   0.00000000000000e+00   0.00000000000000e+00   0.00000000000000e+00   0.00000000000000e+00
   0.00000000000000e+00   0.00000000000000e+00   0.00000000000000e+00   0.00000000000000e+00   0.00000000000000e+00
   0.00000000000000e+00   0.00000000000000e+00   0.00000000000000e+00   0.00000000000000e+00   0.00000000000000e+00
   0.00000000000000e+00   0.00000000000000e+00   0.00000000000000e+00   0.00000000000000e+00   0.00000000000000e+00
   0.00000000000000e+00   0.00000000000000e+00   0.00000000000000e+00   0.00000000000000e+00   0.00000000000000e+00
   0.00000000000000e+00   0.00000000000000e+00   0.00000000000000e+00   0.00000000000000e+00   0.00000000000000e+00
   0.00000000000000e+00   0.00000000000000e+00   0.00000000000000e+00   0.00000000000000e+00   0.00000000000000e+00
   0.00000000000000e+00   0.00000000000000e+00   0.00000000000000e+00   0.00000000000000e+00   0.00000000000000e+00
   0.00000000000000e+00   0.00000000000000e+00   0.00000000000000e+00   0.00000000000000e+00   0.00000000000000e+00
   0.00000000000000e+00   0.00000000000000e+00   0.00000000000000e+00   0.00000000000000e+00   0.00000000000000e+00
   0.00000000000000e+00   0.00000000000000e+00   0.00000000000000e+00   0.00000000000000e+00   0.00000000000000e+00
   0.00000000000000e+00   0.00000000000000e+00   0.00000000000000e+00   0.00000000000000e+00   0.00000000000000e+00
   0.00000000000000e+00   0.00000000000000e+00   0.00000000000000e+00   0.00000000000000e+00   0.00000000000000e+00
   1.70000000000000e-01   1.73786906103727e+00   1.14374754447302e+00   2.85714285714286e-01   5.90909090909091e-01
   1.75000000000000e-01   1.60153363535798e+00   7.73866521689731e-01   4.28571428571429e-01   8.18181818181818e-01
   1.80000000000000e-01   1.19780458928117e+00   7.63350589780210e-01   4.28571428571429e-01   8.18181818181818e-01
   1.85000000000000e-01   1.66224938344181e+00   5.69625214792153e-01   5.71428571428571e-01   8.63636363636364e-01
   1.90000000000000e-01   1.34868422388006e+00   9.46065554301166e-01   5.71428571428571e-01   8.18181818181818e-01
   1.95000000000000e-01   1.48918323921969e+00   8.22417685838237e-01   5.71428571428571e-01   8.63636363636364e-01
   2.00000000000000e-01   1.46743657307053e+00   1.23603999106789e+00   5.71428571428571e-01   5.90909090909091e-01
   2.05000000000000e-01   1.48264498738993e+00   1.18607018748144e+00   4.28571428571429e-01   6.36363636363636e-01
   2.10000000000000e-01   1.54164391529918e+00   1.21895292629819e+00   5.71428571428571e-01   5.45454545454545e-01
   2.15000000000000e-01   1.45626416547467e+00   1.12572121236340e+00   5.71428571428571e-01   5.90909090909091e-01
   2.20000000000000e-01   1.44498413056407e+00   1.12501216637967e+00   7.14285714285714e-01   7.27272727272727e-01
   2.25000000000000e-01   1.50452908183532e+00   1.47338773828018e+00   5.71428571428571e-01   4.54545454545455e-01
   2.30000000000000e-01   1.43272330677458e+00   1.25172183908192e+00   7.14285714285714e-01   5.90909090909091e-01
   2.35000000000000e-01   1.51896822518789e+00   1.43582037654873e+00   5.71428571428571e-01   3.18181818181818e-01
   2.40000000000000e-01   1.57838913360362e+00   1.30770223362457e+00   5.71428571428571e-01   5.45454545454545e-01
   2.45000000000000e-01   1.50372594147138e+00   1.16565787922174e+00   5.71428571428571e-01   5.90909090909091e-01
   2.50000000000000e-01   1.60996829975560e+00   1.50973436284530e+00   5.71428571428571e-01   4.09090909090909e-01
