   1.80000000000000e-01   1.90781532848759e+00   4.96352780750278e-01   4.28571428571429e-01   8.63636363636364e-01
   1.90000000000000e-01   1.71331846046219e+00   6.55339312425900e-01   2.85714285714286e-01   8.18181818181818e-01
   2.00000000000000e-01   1.58486061132384e+00   7.63155899144882e-01   4.28571428571429e-01   8.18181818181818e-01
   2.10000000000000e-01   1.69213375217317e+00   9.94904285822721e-01   5.71428571428571e-01   7.72727272727273e-01
   2.20000000000000e-01   1.44395509489359e+00   5.28727044699193e-01   4.28571428571429e-01   8.63636363636364e-01
   2.30000000000000e-01   1.18596527935129e+00   7.72164916083924e-01   5.71428571428571e-01   7.72727272727273e-01
   2.40000000000000e-01   1.41530840757663e+00   1.05242961310877e+00   4.28571428571429e-01   6.81818181818182e-01
   2.50000000000000e-01   1.47288471196178e+00   8.07972864514399e-01   4.28571428571429e-01   7.72727272727273e-01
   2.60000000000000e-01   1.61436070854548e+00   1.47908837353677e+00   5.71428571428571e-01   5.45454545454545e-01
   2.70000000000000e-01   1.51722935201683e+00   1.51078727949395e+00   5.71428571428571e-01   4.54545454545455e-01
   2.80000000000000e-01   1.68463926574143e+00   1.41355084930321e+00   4.28571428571429e-01   5.45454545454545e-01
   2.90000000000000e-01   1.84177654450632e+00   1.68816334599439e+00   1.42857142857143e-01   4.09090909090909e-01
   3.00000000000000e-01   1.80375422020719e+00   1.75023291075880e+00   1.42857142857143e-01   3.63636363636364e-01
