   2.21768326492653e-02   7.64363547867807e-01   6.15005265970170e-01   2.96586610951508e-01   1.69544283829186e-01   1.84140147852605e-01   3.21572688264256e-01   3.23406415714671e-01   8.56058874454167e-01   1.29577533048045e+00
  -1.24881771458121e-01  -1.64718734912683e-01  -5.00750251641480e-01  -4.35482404519087e-01   2.19357410676192e-01  -9.78006668433949e-02   9.66553203508421e-02   1.70988976926719e-01   4.58556775894971e-01  -2.45070854969340e-01
   6.86432535455263e-01   1.23717151674700e+00   1.96615045613867e-01   6.28583027862893e-01   5.53795417521356e-01   9.90811011081792e-02  -1.93155468042874e-01  -6.35023731134076e-01   5.35195106550275e-01   3.06715693350374e-01
  -3.79681976151633e-01  -1.88317313618443e-01   1.80837571087656e-02   6.72737762644831e-01   4.21806230416045e-02   7.01207145554769e-01   1.58821275704113e-01   1.08218623289907e-01   4.47939159450614e-03  -6.86415704866515e-02
  -3.65472124238916e-01  -8.51669649871989e-01  -9.35083580018420e-01   1.96110306683617e-01  -1.05566457032234e-01  -9.45374117245843e-02   2.04528567063159e-01   5.92518497637807e-01   1.79746203406875e-01   9.49085957909677e-02
   4.85788615195464e-01   2.64423632003735e-01   5.25146253573942e-01  -6.84774787113613e-01   1.97343090007255e-01  -8.92623963008338e-01  -1.10023679159988e-01  -2.64662725075842e-01   6.37951426881661e-01   6.42043239823400e-02
   8.65056046369367e-01   7.90240713976050e-01   4.70446180508238e-01   8.05980165060406e-01   6.33083325151263e-01  -7.45391085999681e-02   1.02448718288807e-01  -1.81528963523753e-01   1.98103776355082e-01   3.05210799756460e-01
  -5.18909010522681e-01  -7.17095806714459e-01  -2.59172568556609e-01  -1.42513632421173e-01   2.25969295968013e-01   1.44211568012830e-01  -2.65416291459054e-01  -7.46190819732638e-01  -1.83178353620957e-01  -2.39463547229758e-01
   8.09736687116184e-02  -2.92308078195915e-01  -3.65551221162265e-01   9.19316307458076e-03  -2.62051677178853e-01  -1.07800243953110e-02   3.27822554101976e-01   3.75134779952098e-01  -4.84726212016935e-01  -7.04226979930787e-01
  -1.60611220634365e+00   6.18011322587585e-01  -1.61746358739748e+00  -1.53136300782780e-01  -3.14564980054272e-01  -1.86449879558265e-01   3.77776540614071e-02  -3.57032652209042e-02  -6.28654812274023e-02  -8.56670299085924e-01
   7.49961426162936e-01   3.75220992793909e-01   1.34475395584272e+00   9.41617866108623e-01   6.17044037374927e-01  -3.87324722698328e-01  -5.32974405232349e-01  -1.85301201866838e-01   3.32183894987999e-01  -3.67228396465553e-01
   8.06873787655813e-01   3.23599920634682e-01   4.57047034219024e-01  -8.44779733641021e-02   2.31105955194999e-01   4.47075913352719e-01  -2.08032667624959e-01   4.59256994207822e-01   2.05262349830943e-01   1.63980839055192e-02
  -8.84305910096877e-01  -6.83509713429356e-01  -7.95516087702951e-01  -9.42415178772646e-01  -2.18090416160980e-02  -7.43504884351370e-01   4.87837358563108e-01   6.17107549983207e-01   3.10605413766874e-01  -6.59344148785571e-01
  -3.14678263195874e-01  -1.13399090690029e-01  -5.84160533487585e-01  -7.89905769352006e-01   1.23014846868304e+00   2.30453329891044e-01   8.16800251859837e-02   2.76828866426148e-01  -2.45848990996623e-01  -1.97894499399404e-01
   1.39662816169707e-01   4.94063292019342e-01   5.04743508485422e-01   1.08615113910989e-01  -1.93566822407117e-01  -3.78480179333696e-01  -3.26997811766499e-01   1.94321486930639e-01   3.49210539025389e-01   3.33313061873509e-01
  -6.34768731947471e-01  -7.52560821343486e-01  -2.14831443393926e-01  -4.75726560020359e-01   7.02847000881135e-02   3.33952801450627e-01  -1.09891095152161e-01  -6.28823112752535e-01  -3.24124161907982e-01  -6.60149831643559e-01
  -5.22129196886617e-01   4.94684353078231e-01   4.64021772507484e-02   3.63868961797557e-01   3.61490134787943e-01   1.51844229729066e-02  -3.90194738679614e-01  -9.05933903916103e-02   9.48407883416304e-01   3.62457951198250e-01
  -7.48498191618244e-01  -1.55876635677799e-01  -3.74711678080497e-01   9.49717634781462e-02  -2.37713019861519e-01  -9.81186358537065e-02   9.44616627821504e-02  -3.24684434328976e-01  -1.01016869773546e+00  -6.14208378302798e-01
   1.58033167218075e-01  -2.63831199638983e-02   9.70231496689287e-02   6.72677672676281e-02  -5.20813758562762e-03   4.77864186381627e-01  -1.25368354863498e-01   1.03647208576779e-01  -5.48133007600963e-03   2.09293635524247e-01
   8.50867548241368e-02   6.79128231108245e-01   8.70400461000648e-01   9.06586907850340e-02  -3.24291085944285e-01   6.97883653622319e-02   5.56777642414290e-02   2.67542549610126e-01   4.74076517371434e-02   1.38595062052731e+00
   6.45539789122209e-01   4.00007098908564e-01   3.00020181098713e-01   5.33223361776687e-01  -3.87376881318936e-01  -1.78680848473865e-01  -3.39442484873427e-01  -2.75866995019412e-01  -4.34573309081233e-01   2.49777738620075e-01
   8.03943965207238e-01   7.76177971877595e-01  -2.93846192993703e-01  -3.14393225116584e-01  -3.09733990888781e-01   1.34301965475157e-01  -3.65164131378651e-02  -6.94974404008163e-02   2.33921169668655e-02   2.24045989230624e-01
  -7.77828891975073e-01  -1.27757412150228e+00  -4.84276745432570e-01  -4.62325914071191e-01  -5.44883200247218e-01   2.08158814243593e-01  -3.25036618792301e-01  -1.45977866531425e-03   3.53596061928693e-01   1.01931917551047e+00
  -7.06737154241062e-01   1.71710144409854e-01   2.90577374441498e-01  -6.53376324838572e-01   3.58164922408805e-01  -4.63974533298542e-01  -4.49835277097892e-01  -8.63142202774128e-02   8.08059486425456e-02   3.69353508608152e-01
   1.54548098984025e-02   3.42962316710642e-01  -2.91966926895975e-01  -3.82197787473713e-01  -1.77433775650177e-01   1.96417710963977e-01  -6.79855691412338e-02  -2.80659291221932e-01  -1.04165959988207e-01   3.24289761013969e-01
   5.14607114474958e-01  -8.08213024638104e-02   1.79499119833477e-01  -1.03904859828896e+00  -7.59659931133126e-01  -8.63635667380173e-02  -7.87006069223669e-01  -7.06352065452977e-01  -2.00178020386722e-01  -5.53690027486019e-01
  -1.83790688362386e-02   1.16427741607094e+00   3.16283814841448e-01   2.95050312252092e-01  -7.13488138496328e-02   4.29188732966172e-02  -1.09144180127416e-01  -1.06252786804199e+00   4.64273203319526e-02  -3.09231106048917e-01
   5.85036227000174e-01  -5.08001967917225e-01  -5.33079190116078e-01  -1.13975342109609e-01  -6.19979631511810e-01   8.93017726406814e-02   1.40290501721871e-01  -2.85702236811687e-01   4.34817481243809e-01   2.04201840085274e-02
   1.71236112800042e-03   5.12092191586069e-01   8.81241785322699e-02   3.21318592976109e-01   2.68490832964740e-01   8.48918362455202e-02   2.31440653612445e-01   4.96065114651467e-01  -5.94346337969733e-01   2.26144805680812e-01
   6.39698098460478e-01  -2.17679581680390e-01  -2.36826344164167e-01  -2.49658553319950e-01  -9.59957693071466e-02   1.51660461787587e-01   8.86028384727692e-02  -5.73144352394699e-01   1.96578353925951e-01  -2.57884459490566e-01
  -3.31831356001820e-01  -3.27119204252738e-01   1.52693877830134e-02   5.43918882650379e-01  -1.41073437700381e-01  -5.59687027964803e-02   3.74444279167543e-01   4.24831971678264e-01   6.43325127948972e-01  -9.05404335744981e-02
   9.77505968007927e-01   9.40028554288142e-01  -2.29920893420395e-01   4.93588076947623e-02   4.71353200133185e-01   5.52252384702333e-01   4.92992593422027e-01   7.18970138664175e-01  -4.33825596057831e-01  -5.47641216160422e-01
   3.46603278510338e-01   1.54020763651398e-01   2.48703015819769e-01  -5.72480144374423e-02  -1.07832109562722e+00  -2.98133178395827e-01   6.49373277787018e-02  -4.47812125438771e-01   4.57882390316148e-01   7.69808298224876e-01
  -3.11002397872048e-01  -5.12610622802014e-01  -4.73476002632486e-01   1.47398439612657e-01  -2.52684380377438e-01  -3.49066861724419e-01   6.34464942709205e-01   8.16163733879578e-01  -7.19135991475653e-03  -7.25117382259876e-01
   1.44367147626461e-01   4.43983301954407e-02  -6.32338014828918e-01   9.91279527730588e-02   6.80994903493934e-01   1.43326923707287e-01  -1.00151184654736e-01   7.20636782516221e-02  -2.12035032324697e-01   7.16074836108895e-02
  -2.83583496553908e-01  -8.27673193986325e-01  -8.88733607913079e-01  -9.13445373483054e-02  -6.63804578325209e-01   3.01845607868477e-01   1.62842304613577e-01   2.08547989379049e-01  -1.42587193482706e-01  -7.71452326915206e-01
  -2.34040712909553e-01  -2.71615140145124e-01   6.96964811202702e-01  -2.16765979225023e-01  -1.90897165962175e-01  -3.27417954009977e-01   9.37110774049732e-01  -1.33541356086545e-01   7.65164223548591e-01   8.86539400205467e-01
  -1.43648135555339e-01   2.76628708240055e-01  -9.50436308911424e-01  -2.25875151262276e-01  -7.92285425776927e-01  -7.61566635483648e-02  -9.60748420153909e-01  -3.16003313149754e-01  -5.99497573945244e-01  -5.43331292870305e-01
  -9.76556409877079e-02  -2.03749009893210e-01   1.95452134322413e-01   4.16700382820336e-01  -6.90945380585394e-02  -4.53904803991442e-01  -1.06831439927397e+00  -4.18866829147992e-01  -2.20864420586623e-01  -4.20765545107193e-01
   1.01640202717916e+00   1.51534180577871e+00   1.95361932953929e+00   8.07352503989246e-01   6.52518681376472e-01   2.59713471633428e-01  -2.87459699796738e-01   9.14060972674307e-04  -4.17453149332431e-01  -6.23690517165683e-02
   1.72012218468687e-01   9.13911058262142e-01   4.01838390401645e-01  -6.91740816298956e-01   2.74685225470021e-01   4.38983461164077e-02  -1.47288656321125e-01   4.40477896668506e-01  -1.25751407166977e-01   2.86211123498084e-01
  -7.73979803496304e-02  -5.26662802680277e-01  -1.00618493823475e+00   6.32132372587694e-01  -7.32626621309271e-01   3.05781278610917e-01  -3.44668046207680e-01  -5.96402745337010e-01  -6.41561462799424e-01  -8.00311812988444e-01
   5.74627709938094e-01   2.41371791101411e-02  -2.51170620066016e-01   1.61307845385757e-01   1.55651150270210e-01   3.64834990121992e-01   7.03872717415225e-01   7.97973247130556e-01   8.67971964525336e-01   4.21707721179221e-01
   2.44936599718027e-02   1.31478774907243e-01   3.86587767093262e-01  -2.09967898725752e-01   7.16916230125296e-02  -1.33575752862624e-01   2.21457498666065e-01  -7.36364004537570e-01   2.97651546206894e-02   8.01971844096236e-01
   7.75611625470045e-02   1.75144659924898e-01   7.73962098217084e-01   1.30880870616934e-01  -7.71253778943252e-02   1.00652269564248e-01   2.29102857751795e-01  -2.51389826181224e-01   2.57000760154113e-01  -3.67036495530381e-01
   2.92963788090341e-01   2.13056467239061e-01   7.33675012444390e-01   2.38196754874871e-01   7.98292298724811e-01   3.24598823913468e-01  -8.50679262749742e-02   1.85576098989648e-01   1.10601529120631e-01  -4.22643654076986e-01
   7.44630809814490e-01   3.33043818701379e-01   7.03422698511144e-01  -4.26783624265870e-01   4.14025219319866e-01   2.25409327771595e-01  -2.44895055493403e-01   9.94090167627619e-03  -7.46673729369623e-02  -7.51114848372809e-02
  -2.24742199813216e-01  -6.68550228882620e-01  -1.11586310638986e-02  -8.34257215053298e-01  -7.88275325799389e-01  -5.07163686064200e-01  -5.07497732267759e-01  -5.41802708411623e-01  -1.07377546767994e-01  -5.85548235423287e-01
   1.22408211543677e-01   2.67778527221822e-01  -9.12687385330116e-02  -9.72424678786168e-02  -2.60542672322290e-01   1.25205136183920e-01  -8.41159214715441e-02   4.65929105004081e-01   1.63943541175243e-01   1.78274275501873e-01
   1.44570083465756e-01   3.06184350739342e-01   1.06697227630194e+00  -4.22592403212166e-01  -7.42725151487421e-01  -4.01444804382595e-01   1.66860760811706e-01   7.55420086852454e-03   6.20046654072076e-01   1.11576731009783e+00
