   4.09090909090909e-01
   1.36363636363636e-01
   9.09090909090909e-02
   4.54545454545455e-02
   1.81818181818182e-01
   2.27272727272727e-01
   2.27272727272727e-01
   2.72727272727273e-01
   2.72727272727273e-01
   3.18181818181818e-01
   3.18181818181818e-01
   3.63636363636364e-01
   3.63636363636364e-01
   4.09090909090909e-01
   4.09090909090909e-01
   3.63636363636364e-01
   2.72727272727273e-01
   3.18181818181818e-01
   4.09090909090909e-01
   4.54545454545455e-01
   4.54545454545455e-01
   4.54545454545455e-01
   5.00000000000000e-01
   5.00000000000000e-01
   5.00000000000000e-01
   5.45454545454545e-01
   5.45454545454545e-01
   5.45454545454545e-01
   4.54545454545455e-01
   4.54545454545455e-01
   4.54545454545455e-01
   5.00000000000000e-01
   5.45454545454545e-01
   5.90909090909091e-01
   4.54545454545455e-01
   4.54545454545455e-01
   4.54545454545455e-01
   4.54545454545455e-01
   5.00000000000000e-01
   5.00000000000000e-01
   5.45454545454545e-01
   5.45454545454545e-01
   5.45454545454545e-01
   6.36363636363636e-01
   5.45454545454545e-01
   5.00000000000000e-01
   4.54545454545455e-01
   4.54545454545455e-01
   5.00000000000000e-01
   5.00000000000000e-01
   5.00000000000000e-01
   5.00000000000000e-01
   5.00000000000000e-01
   5.45454545454545e-01
   5.45454545454545e-01
   5.45454545454545e-01
   5.45454545454545e-01
   5.45454545454545e-01
   4.09090909090909e-01
   5.00000000000000e-01
   5.00000000000000e-01
   5.00000000000000e-01
   5.00000000000000e-01
   5.45454545454545e-01
   5.45454545454545e-01
   5.45454545454545e-01
   5.45454545454545e-01
   5.45454545454545e-01
   5.45454545454545e-01
   5.45454545454545e-01
   5.90909090909091e-01
   4.54545454545455e-01
   4.54545454545455e-01
   5.45454545454545e-01
   5.00000000000000e-01
   5.00000000000000e-01
   5.00000000000000e-01
   5.00000000000000e-01
   5.90909090909091e-01
   5.90909090909091e-01
   5.90909090909091e-01
   5.90909090909091e-01
   5.90909090909091e-01
   5.90909090909091e-01
   5.90909090909091e-01
   5.90909090909091e-01
   6.36363636363636e-01
   4.54545454545455e-01
   3.63636363636364e-01
   3.63636363636364e-01
   3.63636363636364e-01
   3.63636363636364e-01
   4.54545454545455e-01
   5.00000000000000e-01
   5.00000000000000e-01
   5.00000000000000e-01
   5.45454545454545e-01
   5.45454545454545e-01
   5.45454545454545e-01
   5.90909090909091e-01
   6.36363636363636e-01
   5.90909090909091e-01
   5.90909090909091e-01
   5.90909090909091e-01
   5.90909090909091e-01
   5.45454545454545e-01
   5.45454545454545e-01
   5.90909090909091e-01
   5.90909090909091e-01
   5.90909090909091e-01
   5.90909090909091e-01
   6.36363636363636e-01
   5.90909090909091e-01
   5.45454545454545e-01
   2.72727272727273e-01
   4.09090909090909e-01
   4.54545454545455e-01
   5.00000000000000e-01
   5.45454545454545e-01
   5.00000000000000e-01
   5.00000000000000e-01
   5.45454545454545e-01
   5.45454545454545e-01
   5.90909090909091e-01
   5.45454545454545e-01
   5.90909090909091e-01
   5.45454545454545e-01
   5.45454545454545e-01
   5.45454545454545e-01
   5.90909090909091e-01
   5.00000000000000e-01
   5.45454545454545e-01
   5.00000000000000e-01
   5.45454545454545e-01
   5.90909090909091e-01
   5.90909090909091e-01
   5.90909090909091e-01
   5.90909090909091e-01
   5.45454545454545e-01
   5.45454545454545e-01
   5.90909090909091e-01
   5.45454545454545e-01
   5.90909090909091e-01
   5.90909090909091e-01
   5.90909090909091e-01
   6.36363636363636e-01
   5.90909090909091e-01
   6.36363636363636e-01
   6.81818181818182e-01
   6.36363636363636e-01
   5.00000000000000e-01
   6.81818181818182e-01
   5.45454545454545e-01
   5.45454545454545e-01
   3.63636363636364e-01
   5.00000000000000e-01
   5.45454545454545e-01
   6.81818181818182e-01
   6.81818181818182e-01
   6.36363636363636e-01
   6.36363636363636e-01
   6.81818181818182e-01
   6.36363636363636e-01
   6.36363636363636e-01
   6.36363636363636e-01
   6.36363636363636e-01
   6.36363636363636e-01
   6.81818181818182e-01
   6.36363636363636e-01
   7.27272727272727e-01
   5.90909090909091e-01
   5.00000000000000e-01
   5.45454545454545e-01
   4.54545454545455e-01
   4.09090909090909e-01
   6.36363636363636e-01
   6.36363636363636e-01
   5.90909090909091e-01
   6.36363636363636e-01
   6.36363636363636e-01
   6.36363636363636e-01
   6.81818181818182e-01
   6.81818181818182e-01
   6.36363636363636e-01
   6.36363636363636e-01
   6.36363636363636e-01
   6.36363636363636e-01
   5.45454545454545e-01
   5.45454545454545e-01
   5.90909090909091e-01
   5.90909090909091e-01
   5.00000000000000e-01
   5.45454545454545e-01
   5.45454545454545e-01
   5.45454545454545e-01
   5.90909090909091e-01
   6.36363636363636e-01
   6.36363636363636e-01
   6.36363636363636e-01
   6.81818181818182e-01
   6.81818181818182e-01
   6.81818181818182e-01
   6.81818181818182e-01
   6.81818181818182e-01
   6.81818181818182e-01
   6.81818181818182e-01
   6.81818181818182e-01
   7.27272727272727e-01
   6.81818181818182e-01
   7.27272727272727e-01
   6.81818181818182e-01
   6.81818181818182e-01
   5.00000000000000e-01
   3.18181818181818e-01
   5.45454545454545e-01
   5.45454545454545e-01
   5.90909090909091e-01
   5.90909090909091e-01
   5.90909090909091e-01
   6.36363636363636e-01
   6.36363636363636e-01
   6.36363636363636e-01
   6.36363636363636e-01
   6.36363636363636e-01
   6.36363636363636e-01
   6.81818181818182e-01
   6.36363636363636e-01
   5.90909090909091e-01
   4.09090909090909e-01
   3.63636363636364e-01
   5.00000000000000e-01
   5.90909090909091e-01
   5.90909090909091e-01
   5.90909090909091e-01
   5.90909090909091e-01
   6.81818181818182e-01
   6.36363636363636e-01
   6.36363636363636e-01
   6.36363636363636e-01
   6.36363636363636e-01
   6.36363636363636e-01
   6.36363636363636e-01
   6.36363636363636e-01
   6.36363636363636e-01
   6.81818181818182e-01
   4.09090909090909e-01
   5.45454545454545e-01
   5.90909090909091e-01
   5.90909090909091e-01
   5.90909090909091e-01
   5.90909090909091e-01
   5.90909090909091e-01
   6.36363636363636e-01
   6.81818181818182e-01
   6.81818181818182e-01
   6.36363636363636e-01
   6.36363636363636e-01
   6.36363636363636e-01
   4.09090909090909e-01
   4.09090909090909e-01
   5.45454545454545e-01
   5.90909090909091e-01
   6.36363636363636e-01
   6.36363636363636e-01
   6.81818181818182e-01
   7.27272727272727e-01
   7.27272727272727e-01
   7.27272727272727e-01
   7.27272727272727e-01
   7.27272727272727e-01
   7.27272727272727e-01
   7.27272727272727e-01
   7.27272727272727e-01
   6.81818181818182e-01
   6.81818181818182e-01
   6.81818181818182e-01
   6.81818181818182e-01
   6.81818181818182e-01
   6.81818181818182e-01
   6.36363636363636e-01
   3.18181818181818e-01
   3.63636363636364e-01
   4.54545454545455e-01
   5.90909090909091e-01
   5.90909090909091e-01
   5.90909090909091e-01
   5.90909090909091e-01
   5.90909090909091e-01
   5.90909090909091e-01
   6.36363636363636e-01
   6.36363636363636e-01
   6.81818181818182e-01
   5.45454545454545e-01
   6.36363636363636e-01
   6.81818181818182e-01
   5.90909090909091e-01
   4.09090909090909e-01
   5.00000000000000e-01
   5.90909090909091e-01
   5.90909090909091e-01
   5.90909090909091e-01
