   1.11474839328656e-02
  -4.43017521850734e-02
   1.72956607184847e-01
   2.97172020852967e-01
   1.39947126741036e-01
   1.06006500658681e-01
   4.54241746574335e-02
   8.21634609118729e-02
  -1.14320545464146e-01
   2.53071624591811e-01
   6.59038337481675e-02
   1.17032237831256e-01
   2.93454131045124e-01
   2.92054349558578e-01
   4.35470296763789e-01
  -1.22311373525042e-01
   2.22999630087761e-01
  -1.20212095934909e-02
  -1.98439188895537e-01
  -4.76823890177486e-01
  -1.28073520285827e-01
   3.72800486430325e-01
   2.37933495373560e-01
  -3.19872547554097e-02
   3.35412715529061e-01
  -1.66159182564991e-01
  -2.79420232771524e-01
   1.85642569507110e-01
  -1.44619242604732e-01
   1.55653554452983e-01
  -6.63136788691845e-03
   1.13799071955427e-01
   3.72212130687523e-01
   7.26434434315732e-02
  -2.79665863122173e-01
  -2.04335195734099e-01
   1.13120534172620e-01
  -6.36763451672646e-02
  -1.36625110823114e-01
  -2.46258542363323e-01
   3.10161212524560e-01
  -3.08721989169193e-01
   7.16156748308917e-02
   1.36010689774508e-01
  -2.97167742711755e-01
   5.41028464102046e-01
   3.00033636392745e-01
  -1.13285573578189e-01
  -4.53213752495904e-01
  -3.11980699602410e-01
