   3.50441672002934e-01
  -1.37926430566873e-01
  -9.01078187720289e-02
  -4.01756073839286e-01
  -5.84312671382863e-01
   1.48617104872927e-01
  -3.94526008156843e-01
  -2.48750605847472e-01
   1.55285096577392e-01
   3.33079516132029e-01
  -2.22961151630410e-02
   4.70618253132437e-01
  -5.09872095497641e-01
   8.09309725759621e-02
  -3.46591651603446e-01
   1.69849348131875e-02
  -3.26657389298174e-03
  -1.72789238897054e-02
  -4.31674867817279e-01
  -3.27156237133842e-01
   5.17428550691942e-01
   4.76063852134413e-01
   1.85149094276641e-01
   5.05176462638050e-01
  -4.09433109879518e-01
  -3.86824887191826e-01
  -3.39312860633687e-02
   4.33220561708551e-01
   7.03831458355445e-02
   1.51864356768987e-01
