   2.15665317074818e-01
  -2.04789368855100e-01
  -2.87108520139397e-01
   4.37869477952243e-01
  -7.96096146724382e-02
  -8.17208077796367e-03
   1.91823386779657e-01
   4.35937989672509e-01
  -1.87878704096534e-01
   4.82256959975319e-01
   4.11562274292068e-01
   5.00653189037904e-01
  -1.83196682477745e-01
  -3.84117502610497e-01
  -1.44785066431777e-01
  -2.26241431885077e-02
   1.40423257723822e-01
   2.23548545032053e-02
  -3.45911562435483e-01
  -6.98430663426148e-01
  -1.00242199572660e-01
   3.88340469465293e-01
   1.50913653106640e-01
   3.72300631171293e-01
  -1.45030958449673e-01
  -3.57898900085814e-01
   8.57229377083151e-01
  -1.35119759929289e-01
   2.47845912794183e-01
   4.05352318420712e-04
