   2.69885926811922e+00
   2.98288064725747e+00
   2.44669088905265e+00
   2.34701769588582e+00
   2.16362364032055e+00
   1.94173783790158e+00
   1.85446860025813e+00
   1.80134463565022e+00
   1.73039924825378e+00
   1.69138420892070e+00
   1.67060676033840e+00
   1.65460967705402e+00
   1.62280933356531e+00
   1.62318362782246e+00
   1.55153892670307e+00
   1.72495767496087e+00
   1.73898771020702e+00
   1.65581564770359e+00
   1.59814464100697e+00
   1.56841918297371e+00
   1.54737019039770e+00
   1.52991669658559e+00
   1.51294937438846e+00
   1.49733000863417e+00
   1.48220015414039e+00
   1.47188890307153e+00
   1.46814218585071e+00
   1.49794847589310e+00
   1.49371430228795e+00
   1.42172246017982e+00
   1.40359137413507e+00
   1.38452696470537e+00
   1.38302418893295e+00
   1.35604970239666e+00
   1.53973889285774e+00
   1.46129851249484e+00
   1.39947852605694e+00
   1.38313797114927e+00
   1.36854670799584e+00
   1.35550936792308e+00
   1.34615953204519e+00
   1.34002377747299e+00
   1.33298038555960e+00
   1.36206515675497e+00
   1.32275126735642e+00
   1.42490426289031e+00
   1.40410116407829e+00
   1.32509422841506e+00
   1.31064494023181e+00
   1.29673102474752e+00
   1.28543908596754e+00
   1.27457491036168e+00
   1.26566499966914e+00
   1.26025594305954e+00
   1.25640870232288e+00
   1.25706925489957e+00
   1.25355677959124e+00
   1.28092617136917e+00
   1.40947252163372e+00
   1.24311738919721e+00
   1.21636427984598e+00
   1.21703313723141e+00
   1.20677757420434e+00
   1.20543794629847e+00
   1.19901091727664e+00
   1.18852692745094e+00
   1.17233593079511e+00
   1.15914861930241e+00
   1.14332582811836e+00
   1.12942967119564e+00
   1.12501895424899e+00
   1.48777973356285e+00
   1.41722736278014e+00
   1.20828601046367e+00
   1.17562409820761e+00
   1.15882659039251e+00
   1.14451319927620e+00
   1.13083612409119e+00
   1.11698281168372e+00
   1.10351251769804e+00
   1.09076789867944e+00
   1.07923255355682e+00
   1.06880865559663e+00
   1.05962054262149e+00
   1.05106282671072e+00
   1.04458348054919e+00
   1.03915314968764e+00
   1.55032524903311e+00
   1.82946801383716e+00
   1.58293558742950e+00
   1.45953907595480e+00
   1.37568557945121e+00
   1.31237950170426e+00
   1.26602364214477e+00
   1.22839254078089e+00
   1.19418705786623e+00
   1.16380856345139e+00
   1.14084981377322e+00
   1.12341586444699e+00
   1.10983351447604e+00
   1.09902044442485e+00
   1.09049728928976e+00
   1.08376196890543e+00
   1.07794615562339e+00
   1.07196240920729e+00
   1.06528902382491e+00
   1.05724486036105e+00
   1.04799712130899e+00
   1.03719460286171e+00
   1.02667896510475e+00
   1.01569170930357e+00
   1.00809326594783e+00
   9.97857693039660e-01
   1.13266731202455e+00
   1.66736010214383e+00
   1.48816917027815e+00
   1.32914372011437e+00
   1.26624868707185e+00
   1.19914023275400e+00
   1.16951217386198e+00
   1.14837465234042e+00
   1.13131558743229e+00
   1.11309719442603e+00
   1.09670125614514e+00
   1.07914402516400e+00
   1.06458149139833e+00
   1.04890080235738e+00
   1.03862195229517e+00
   1.02470509612890e+00
   1.03121727217410e+00
   1.03994582133823e+00
   1.11986329735508e+00
   1.07134046116776e+00
   1.03682422805512e+00
   1.00028525204404e+00
   9.80871982279794e-01
   9.66254604738678e-01
   9.57829923095668e-01
   9.59822037480894e-01
   1.20143549209408e+00
   1.02178604732357e+00
   9.89239933499793e-01
   9.82645891685585e-01
   9.61821457239715e-01
   9.57243733452198e-01
   9.53077661668722e-01
   9.52461043931878e-01
   9.51170909369804e-01
   9.54529689545362e-01
   9.67955916436152e-01
   9.98186391694266e-01
   9.83657829114699e-01
   9.70377710933670e-01
   1.00895510810108e+00
   1.64917834643355e+00
   1.33241902135346e+00
   1.20689075472963e+00
   1.11505670660377e+00
   1.06574821564765e+00
   1.03335893195016e+00
   1.00944252913636e+00
   9.91578411246174e-01
   9.77486121194858e-01
   9.66261498448836e-01
   9.56585560465688e-01
   9.48666357771393e-01
   9.41767850010125e-01
   9.41358737631883e-01
   9.46757030824325e-01
   9.47835881060450e-01
   9.65928247786064e-01
   1.00578262190337e+00
   1.10103561507126e+00
   1.14344077181219e+00
   1.52148353682780e+00
   1.17849739533784e+00
   1.07001510936188e+00
   1.02860062752033e+00
   1.00194178984230e+00
   9.82404967318127e-01
   9.67678334454801e-01
   9.56113818230524e-01
   9.46832857197175e-01
   9.38869162799564e-01
   9.32219839241158e-01
   9.28473595638187e-01
   9.55047944586390e-01
   1.05311960938122e+00
   1.17370980062605e+00
   1.01353426618321e+00
   9.68171362528041e-01
   1.09780887054557e+00
   1.16287513640112e+00
   1.06751256396729e+00
   1.06682409975066e+00
   9.96558958199519e-01
   9.75701078909990e-01
   9.68181820016621e-01
   9.57035088454534e-01
   9.50144691432190e-01
   9.43260504715779e-01
   9.38464608684889e-01
   9.33384050298260e-01
   9.30051857788793e-01
   9.25684322239949e-01
   9.24391104305807e-01
   9.20267429690463e-01
   9.24265467001154e-01
   9.28848069752897e-01
   9.25834030871441e-01
   9.35922524584336e-01
   9.39926513713823e-01
   1.09734665248001e+00
   1.42971930486079e+00
   1.17476684051574e+00
   1.03125841610331e+00
   9.80823307333661e-01
   9.59546286641819e-01
   9.43463081985831e-01
   9.30974657698488e-01
   9.21133354330907e-01
   9.13472564797121e-01
   9.07602251738731e-01
   9.03310745305410e-01
   9.00557296862780e-01
   9.00320982723075e-01
   9.27034144763288e-01
   1.18534348614308e+00
   1.35273375279200e+00
   1.22127509699351e+00
   1.02387918729772e+00
   9.90528511493603e-01
   9.71843470304186e-01
   9.59578592060011e-01
   9.49512777348341e-01
   9.40383161364509e-01
   9.32103024005697e-01
   9.24721093666114e-01
   9.18359210204914e-01
   9.13041887896954e-01
   9.08666182352698e-01
   9.04954776299569e-01
   9.01739132060803e-01
   8.98692793140639e-01
   9.14420371138975e-01
   1.43485810575989e+00
   1.17164202587455e+00
   1.00804655701297e+00
   9.71069024635612e-01
   9.46791219151307e-01
   9.28818731878760e-01
   9.16323984469149e-01
   9.08644388588646e-01
   9.03831797627521e-01
   8.99691703177908e-01
   8.94567267705983e-01
   8.89406403947091e-01
   8.90905682827627e-01
   1.55227068630793e+00
   1.28347967633941e+00
   1.12880749764931e+00
   1.06933086972849e+00
   1.03370444504230e+00
   1.00864245044512e+00
   9.89234487513389e-01
   9.73343948924947e-01
   9.60532682241214e-01
   9.50245267717648e-01
   9.41795014939429e-01
   9.34396511363224e-01
   9.27752928410150e-01
   9.21204195880156e-01
   9.15344041351834e-01
   9.09090429299369e-01
   9.04649265742280e-01
   8.99005598516362e-01
   8.97513943298592e-01
   8.90393726239861e-01
   8.97840561398992e-01
   9.16705799370065e-01
   1.47137972451124e+00
   1.26771347723304e+00
   1.09072989260315e+00
   1.02971102050468e+00
   1.00168828598438e+00
   9.77237536316142e-01
   9.56014762210787e-01
   9.38341036199966e-01
   9.24546688628873e-01
   9.13700160422917e-01
   9.02213650469540e-01
   8.89156976698677e-01
   9.87179947206708e-01
   9.37623498566445e-01
   9.02395253074121e-01
   1.04361222200326e+00
   1.33983677042388e+00
   1.03144051873575e+00
   9.62165160900308e-01
   9.24374673089047e-01
   9.10391127891099e-01
