   0.00000000000000e+00   3.42510497723272e+00   4.43490859459464e-02   2.85714285714286e-01   1.00000000000000e+00
   5.00000000000000e-02   1.97618491800567e+00   7.87246983811507e-01   4.28571428571429e-01   7.72727272727273e-01
   1.00000000000000e-01   1.81302999364822e+00   4.99731267966110e-01   4.28571428571429e-01   8.18181818181818e-01
   1.50000000000000e-01   1.84000380412267e+00   6.50324640868964e-01   4.28571428571429e-01   8.18181818181818e-01
   2.00000000000000e-01   1.81025127630472e+00   8.80739905180958e-01   5.71428571428571e-01   7.27272727272727e-01
   2.50000000000000e-01   1.70116158869968e+00   1.22858838506991e+00   4.28571428571429e-01   5.90909090909091e-01
   3.00000000000000e-01   1.68323980489536e+00   1.48844377285898e+00   2.85714285714286e-01   4.54545454545455e-01
   3.50000000000000e-01   1.69823201542896e+00   1.62553217895388e+00   5.71428571428571e-01   3.63636363636364e-01
   4.00000000000000e-01   1.73064277352060e+00   1.71058571584775e+00   5.71428571428571e-01   3.63636363636364e-01
   4.50000000000000e-01   1.80824560280029e+00   1.84882015829645e+00   4.28571428571429e-01   3.18181818181818e-01
   5.00000000000000e-01   1.85263320087671e+00   1.89618908139515e+00   2.85714285714286e-01   2.72727272727273e-01
