   4.45087023902511e-02   3.39323605311267e-02  -5.02883595463703e-02  -3.54851023182856e-02   7.95746915346677e-03   8.42869464987381e-03   1.12780465118237e-03   7.27047797487355e-03   3.28374377112127e-02  -1.37813414303459e-02   2.21862375137828e-02  -5.28209814048348e-02  -7.60163250129260e-02   1.70878592929910e-03  -3.53848243624189e-02  -3.99515788676750e-02  -4.02036683264762e-02
   5.75188868981253e-02   8.79641233127926e-03  -2.15863911062758e-02   1.80890050001031e-01  -6.93374324369334e-04  -2.25941789229649e-02  -1.41456783957452e-01   8.26907481412904e-03   4.15699433836411e-02   8.66615093132000e-02  -2.12375855478445e-02  -2.35687547098413e-02   1.29359113735008e-02  -2.59711673460743e-04  -1.30133764145356e-03  -1.29170423845680e-03  -8.73044452315758e-03
   4.33008640177929e-02   3.31874157868094e-02  -6.42107350333850e-02  -2.85919437282749e-02   6.21504287511044e-03   3.32755128108593e-03  -1.54969327725691e-03   6.26472534831348e-03   2.87377791732266e-02  -1.77570599788551e-02   3.40945502058611e-02  -6.41278035678531e-02  -8.30178137365094e-02   1.48288889970726e-03  -3.81662947177137e-02  -4.35264661391322e-02  -5.36404411017894e-02
  -9.60535521924309e-02  -2.45528653622611e-02  -4.08777548056208e-02  -9.29985205696682e-02  -7.09478834282680e-02   9.04416388558489e-04   1.04709204691489e-01  -6.27432316114926e-02  -7.75226275083811e-02  -4.77685589940487e-02   1.35594340025945e-02  -7.91105272258205e-04  -3.07891330332303e-02   2.33622198884220e-03   8.67454354342981e-02  -4.73546509136071e-02   7.95120676309424e-03
   3.20484989963286e-03  -4.36967380622025e-02   7.15504410794146e-02   8.38734545857002e-03   6.39476787744653e-02   2.17480430724744e-02   9.48538050269574e-02   2.19166510471042e-02   6.11020583310724e-04  -1.43317152626111e-02  -5.83422092894607e-02   4.87576572421164e-02   1.43672883046173e-03  -1.25826388063238e-03   5.62665385401685e-02   1.62829580121302e-02   5.06057327316691e-02
   4.60961183539271e-02  -7.81683132338686e-03  -1.64329334526540e-02   1.82868401748374e-01  -2.54559524521887e-04  -2.80666350513341e-02  -1.31312916982773e-01   3.91785750029085e-03   3.06856641026960e-02   8.45581990422152e-02  -2.59795261717193e-02  -6.55003932163114e-03   3.10419360234321e-02  -8.49606552307581e-04  -3.77095622763310e-03   5.94022409000533e-03  -3.76345564102336e-03
   5.68591918992708e-02   4.06477758041207e-02  -6.58479578457389e-02  -1.53441930710630e-02   6.40273645427489e-03  -9.22657125063016e-04  -1.05673334082684e-02   6.90577522187033e-03   4.18303569857148e-02  -7.77883685542480e-03   2.95654289144370e-02  -6.47806870321290e-02  -9.05490186497640e-02   1.78085115007838e-03  -4.15719038163159e-02  -4.72388794343210e-02  -5.25542008343835e-02
   4.49885430823494e-02   3.46736450804362e-02  -5.77020489042097e-02  -2.95765270228592e-02   5.79532086523767e-03   3.92261104350125e-03  -2.46352761307194e-03   7.71681358245645e-03   3.17964469694829e-02  -1.42914840283485e-02   2.93131578732850e-02  -5.76815012276563e-02  -7.49509059651195e-02   1.49810519539279e-03  -3.82079873673114e-02  -3.97756415315815e-02  -4.77403961104881e-02
  -4.51390524265581e-02  -3.34295702551108e-02   6.01325741527468e-02   2.75796173383670e-02  -6.63007038843861e-03  -3.98893766249007e-03   3.10351085145042e-03  -6.01529167346611e-03  -3.11173794788407e-02   1.43247235091731e-02  -2.94265733649266e-02   6.17211476887896e-02   8.19014818826030e-02  -1.69802023174410e-03   3.88802963869020e-02   4.38025814802840e-02   4.91731182629137e-02
  -6.13946704096248e-03  -5.03861028287172e-02   6.92554323520563e-02   2.96077630511277e-03   5.97250535084908e-02   1.81793173560922e-02   9.55739828542782e-02   1.63761084240648e-02  -9.01339413832967e-03  -1.52840265769834e-02  -5.33079227854697e-02   4.83599265459717e-02   3.92799186743938e-03  -1.49109781514019e-03   5.44948168156204e-02   1.35087299061989e-02   4.84446539803543e-02
   1.19495217029981e-02  -3.78303104123095e-02   6.68462937547254e-02   2.04009465215198e-02   6.35005698258394e-02   1.71661319072948e-02   8.08786699563647e-02   2.26140298914608e-02   7.43705846460121e-03  -1.11616425540475e-02  -5.44390662019948e-02   3.59224992015785e-02  -1.06946341725347e-02  -1.19287189031446e-03   5.72284167894169e-02   1.78384168029650e-02   4.54648592097338e-02
   6.04001984570518e-02   4.04238864943987e-02  -7.49141019546874e-02  -6.98975316060732e-03   6.43743334139943e-03  -4.68645366785690e-03  -1.09030086873389e-02   4.05067186893305e-03   4.29117724864351e-02  -9.85943524186363e-03   3.46970595432646e-02  -7.39137349585264e-02  -1.05638279891691e-01   1.54632548159332e-03  -4.06314584228146e-02  -5.40362084233855e-02  -5.98376348807750e-02
  -5.32691662752034e-02   3.44715543905488e-02  -1.47498030490397e-02  -5.53593680311658e-02  -7.78944959174778e-02  -3.27437338888609e-03  -6.13600857746544e-02  -1.76614690573092e-02  -2.62134354873683e-02   1.66538715805924e-02   4.50921256789981e-02   4.14186769549885e-02   1.25768607030382e-01  -7.71449916602855e-04  -1.11383738060807e-01   8.17956996037269e-02  -1.15480998184188e-02
  -9.54512499012291e-02  -2.39610396448329e-02  -4.20011296526466e-02  -8.77388748103407e-02  -7.38460175961006e-02  -1.98910259757685e-03   9.36343752664054e-02  -6.33342969895272e-02  -7.69093662551797e-02  -4.16538614672156e-02   1.45612896183579e-02   1.23222300781610e-03  -2.61235740273873e-02   2.37277481617837e-03   8.11874655983396e-02  -5.06362020530575e-02   7.45594426606896e-03
  -1.07295395390328e-02   1.71590118936003e-03   1.31754558246923e-02  -7.76012920024384e-02   9.23294260579698e-03   9.84366671723385e-03   1.58155093232123e-02   7.52114920108892e-03  -5.95475337928324e-03  -8.55491640129937e-03   7.13585900795522e-03   2.27701343017842e-02   2.02055588135097e-02  -8.65545882922552e-04  -8.34865515992644e-02   1.70729359535759e-02   5.39931704389890e-04
  -4.78210828051900e-03   4.22602248175588e-02  -7.15726154117336e-02  -9.50153734476508e-03  -6.41087032983789e-02  -2.18058574860377e-02  -9.37953496729305e-02  -2.25606860708723e-02  -2.23978461200961e-03   1.39118294663618e-02   5.84604261303612e-02  -4.80258893136438e-02  -5.90246152503569e-04   1.21598103246749e-03  -5.61897170112269e-02  -1.68569413028402e-02  -5.05020438400664e-02
  -4.59188521031917e-02   3.74441940226556e-02  -1.21377539268166e-02  -5.12863790214955e-02  -7.23638704730049e-02  -3.07406688168937e-03  -5.98146671597649e-02  -1.33733785936679e-02  -1.95976786159773e-02   1.84451401786259e-02   4.13817771178526e-02   4.06501642497542e-02   1.16417027344902e-01  -6.61428606962919e-04  -1.06486505455158e-01   7.49911935440531e-02  -9.44991870890061e-03
   5.00533404566823e-02   3.68468220509169e-02  -5.20231760810256e-02  -2.96158396499483e-02   8.84740371778946e-03   6.05379886081783e-03  -1.54060430776543e-03   9.47885964804252e-03   3.76444562500396e-02  -1.34760295996930e-02   2.42335684576100e-02  -5.30099968015252e-02  -7.67282642207987e-02   1.54624354496093e-03  -3.54569573525011e-02  -3.94810467627031e-02  -4.28534467829656e-02
   3.67343282201770e-03   4.93381312208418e-02  -7.37160576431288e-02  -1.21856310832894e-03  -6.44490063520970e-02  -2.39080411531751e-02  -1.05349412875546e-01  -2.02271577429264e-02   5.59306567481386e-03   1.85922032769135e-02   5.95806719237045e-02  -5.60201572847563e-02  -8.07980502976732e-03   1.57772253196408e-03  -5.68658791784459e-02  -1.51591014520254e-02  -5.26995302774432e-02
  -7.53628460485643e-03  -1.31651601145746e-02  -9.40066854297108e-03   6.91305424552404e-02  -1.63052961027883e-02  -1.22973703422739e-02  -7.31304749247987e-03  -1.79363105905521e-02  -9.47034948229175e-03   6.09838220671575e-03  -8.38204553073797e-03  -1.43061275397341e-02  -1.43970681027025e-02   5.08214994836526e-04   8.77251364308545e-02  -1.44240724392529e-02   5.77074481782908e-03
  -4.41556882771102e-02  -3.39054580228888e-02   6.11053188000184e-02   2.90276006618912e-02  -5.81211406143768e-03  -3.79089633711505e-03   1.83161844482311e-03  -6.52366167391083e-03  -3.02084760001351e-02   1.55479147209488e-02  -3.11979073481461e-02   6.16716493427916e-02   8.04708001079694e-02  -1.36011975547996e-03   3.77442523648708e-02   4.24799085798736e-02   5.04371528936943e-02
  -8.95949638654088e-03   3.72884394534922e-03   1.02730973199184e-02  -7.58415804290279e-02   6.74304853980493e-03   9.03482845447711e-03   1.34417943764151e-02   6.68098069964985e-03  -4.25200950138862e-03  -9.14955996618967e-03   1.01466484264540e-02   1.84526910500381e-02   1.72083985319644e-02  -6.94671853596543e-04  -7.76857288245963e-02   1.36490813161513e-02  -2.07841344640761e-03
  -5.77405017188763e-03  -5.15954195342585e-02   7.24946443744609e-02   5.47846764504099e-04   6.31875036837698e-02   2.15905707631360e-02   1.02609424821134e-01   1.86759570773763e-02  -8.29854294398956e-03  -1.67482425699525e-02  -5.75201150015979e-02   5.42256166129685e-02   7.23839790216945e-03  -1.49881047484291e-03   5.61113884686240e-02   1.42745111474734e-02   5.14700685275061e-02
   1.42527636952997e-03   2.64816705360333e-02  -7.30732464230666e-02   7.57336549585603e-02  -6.09948511991777e-02  -2.15611759998828e-02  -1.05598781791445e-01  -2.75434262909800e-02  -4.70426231012052e-03   2.95784138454108e-02   3.92384943101398e-02  -8.16895453444922e-02  -3.73889447872946e-02   1.74315309754222e-03   4.97237270968841e-02  -3.88277380032656e-02  -4.24922137105117e-02
  -3.09824620033785e-02  -3.32862324949852e-02   3.79637121568201e-02  -3.33276685596135e-02   1.08963011213159e-02  -4.74089204503032e-03   7.59288812484737e-02  -1.27180433594675e-02  -2.64760143007753e-02  -3.06362563123134e-02  -7.70714313579842e-03   2.82147348316950e-02  -5.56796765719451e-03  -3.50375780853550e-04   5.46369832498678e-02   6.12192379726222e-03   2.60511571507656e-02
  -5.73707910679095e-04   4.53773588199442e-02  -6.97200322581376e-02  -8.04970882301711e-03  -6.21144546465357e-02  -2.02085179404697e-02  -9.35413035212141e-02  -1.97643729303546e-02   2.26387182156114e-03   1.54234936019419e-02   5.59855326333292e-02  -4.72422433405759e-02  -1.19374396314586e-03   1.31829150054874e-03  -5.62595643210203e-02  -1.55536140333132e-02  -4.91220437171548e-02
   3.19703890693936e-02  -8.57805185363123e-03   6.71646422987296e-02  -4.55296986216494e-02   7.69582587677708e-02   3.42760483620011e-02   8.94206185021277e-02   4.55547422911660e-02   2.71624041406421e-02  -2.75173902816419e-02  -4.40324832608726e-02   2.59836041592155e-02   5.00290914063486e-03  -1.56711197795669e-03  -2.61493611985052e-02   3.12064254065857e-02   3.25481378404038e-02
   1.12130941381071e-02  -1.72865457033649e-02  -3.43257845067386e-03   1.29040941519132e-01   2.93001498763125e-04  -1.60609600460781e-02  -8.08390266059628e-02   3.34532639834504e-04   4.97260808146462e-03   5.77873747941590e-02  -2.88269403474318e-02   1.90059086361739e-03   3.50613486072482e-02  -1.27150544026393e-03   5.20792795721280e-03   1.08626435995579e-02   6.37561594178851e-03
  -4.29429723849228e-02  -3.33582612513097e-02   6.15208847823354e-02   2.95595782616560e-02  -5.78504723227531e-03  -3.95606210286495e-03   1.35135987153431e-03  -6.66773182686933e-03  -2.90079814164422e-02   1.69638813573436e-02  -3.23127381288449e-02   6.16202758378403e-02   7.94016733865499e-02  -1.43388083664585e-03   3.84672839971124e-02   4.19375560279390e-02   5.12052360041551e-02
   3.62059111449910e-02   2.92842399675206e-02  -5.66757035376371e-02  -3.60905895025809e-02   5.81989453198396e-03   7.76370213753060e-03   2.64640530812026e-03   5.57077366862556e-03   2.34058830872505e-02  -1.84712923349062e-02   2.87637467350763e-02  -5.77966107657028e-02  -7.29906814737218e-02   1.35875133385287e-03  -3.66910877844635e-02  -3.99858125109538e-02  -4.67918569241565e-02
   5.79528903789759e-02   1.50254612044339e-03  -1.13626901560325e-02   1.79928901048589e-01   7.71391771676623e-04  -3.62148295485962e-02  -1.30773683420750e-01   9.87633428293495e-03   4.20406613244981e-02   8.55493259419065e-02  -2.31263994837876e-02  -5.22121314918903e-03   3.72667385026540e-02  -5.54128054923996e-04  -2.31343316995913e-03   7.69927339043083e-03  -3.55745355212009e-03
   4.58245924992772e-02  -8.87812253681570e-03  -1.56865739340806e-02   1.83317717313144e-01  -3.21099428050186e-04  -2.97571728666236e-02  -1.30293395547986e-01   4.06330758529868e-03   3.03995306244667e-02   8.47787058859039e-02  -2.63121608095786e-02  -5.12039796204919e-03   3.41915403978730e-02  -8.91346245305956e-04  -3.77373848656071e-03   7.67814042339460e-03  -3.20501809129065e-03
  -1.68074343466426e-02  -6.19368594090818e-02   7.25151834713920e-02  -9.58686983072769e-03   6.09093782577168e-02   1.66508322683269e-02   1.06723881262518e-01   1.32750246515560e-02  -2.02275254930798e-02  -1.88835471500224e-02  -5.31735216158597e-02   5.64207325487100e-02   1.03495588920533e-02  -1.74649387515242e-03   5.41442392775572e-02   1.09186278479494e-02   5.06325170927723e-02
  -6.44625844801127e-02  -4.82824056984490e-03   2.16335587155051e-03  -1.70291144768246e-01  -7.19276462559444e-03   3.96557187117505e-02   1.21909518463694e-01  -1.62114457731439e-02  -4.83016929187793e-02  -8.08187274601350e-02   2.30465181388902e-02   1.78638733354129e-03  -4.29001183850332e-02   5.49981537010404e-04  -7.84808757732607e-04  -1.16390662367521e-02   1.12355266411192e-03
   3.46176680425456e-02  -2.44636200675899e-03  -5.01361914641608e-03   8.32345248890904e-02   1.89078778690056e-02  -5.78649755554279e-03  -1.11118753104704e-02   6.22365062186231e-03   2.24747487233481e-02   7.97997124090074e-03  -1.45431859286844e-02  -2.89932080191261e-02  -3.62215990447133e-02   8.66591965843995e-04   7.70951374298952e-02  -1.56207602080688e-02  -1.31880634153819e-03
   6.11273378230393e-02   1.98702448149411e-02  -3.07498619650326e-02   1.64527462368493e-01  -4.11513100050828e-03  -2.19336023720165e-02  -1.33722728045655e-01   1.00112384184992e-02   4.49764443292860e-02   8.05625244371785e-02  -1.54621921706564e-02  -3.88235803835779e-02   2.40596563482391e-03   5.85935068610758e-04   1.04225075590412e-02  -1.72626558694485e-02  -1.45766353525111e-02
  -1.11492252518762e-02   1.78259682761855e-02  -7.58953176092388e-02   6.46278856370574e-02  -6.82389186710892e-02  -3.04649616741854e-02  -1.06236686094474e-01  -3.56071945525272e-02  -1.70846339337689e-02   2.69584010655877e-02   5.00214035068865e-02  -7.76500228994283e-02  -3.42145660057468e-02   1.70811104741277e-03   4.42098361693593e-02  -3.90171934188163e-02  -4.67863041712723e-02
  -4.93242323191463e-02   4.95878609644201e-03   1.24229380143544e-02  -1.76588702357272e-01  -2.73190697671263e-03   2.83768818443010e-02   1.27301692204195e-01  -6.49431099483668e-03  -3.39987601279548e-02  -8.22079505799555e-02   2.61070829116527e-02   6.84731523528265e-03  -2.96622956526982e-02   7.93142488574293e-04   2.17091631180105e-03  -6.37450099707244e-03   2.47910584043613e-03
  -5.96134538022477e-02  -3.96631844092333e-02   7.59224186343843e-02   6.57205017168720e-03  -6.40076241203951e-03   4.79202328321325e-03   1.01266708263747e-02  -3.46022235201710e-03  -4.18529810682977e-02   1.09276025384676e-02  -3.55279766751085e-02   7.52048973505788e-02   1.07237196245558e-01  -1.46965965915672e-03   3.96192978671766e-02   5.46814281724721e-02   6.07737018599467e-02
  -3.95289961765848e-02  -2.99755811921826e-02   6.69508531953312e-02   2.88038683005032e-02  -6.80577549294462e-03  -4.03493778041044e-03  -6.26409062367069e-04  -5.29379758450223e-03  -2.41951282873318e-02   2.15522691561879e-02  -3.69821912901639e-02   6.72382669961166e-02   8.50850077987636e-02  -1.21344269754397e-03   3.77250459586886e-02   4.47591304261173e-02   5.67286659688725e-02
   5.11264389087089e-02   2.13043065093285e-02  -8.45648735684146e-02   6.36239182864467e-02  -2.81175178902443e-03  -1.17184978108379e-02  -1.20826707708905e-02  -1.16018680138299e-02   2.75017958825380e-02  -9.51682624955542e-03   3.03527264761557e-02  -1.07042902658924e-01  -1.27504784288324e-01   1.75958521541498e-03   6.00008049147305e-02  -7.04172426607711e-02  -6.05827717050380e-02
   5.46698829281224e-02  -3.33466780101944e-02   1.55457430152388e-02   5.60919515663739e-02   7.83453945367371e-02   3.17032022517533e-03   6.13087632108554e-02   1.85504914458132e-02   2.77017936290557e-02  -1.61401168149842e-02  -4.57168182631400e-02  -4.13196537762175e-02  -1.26155928673411e-01   8.14434887018291e-04   1.12064255695946e-01  -8.16872564531922e-02   1.21007758421972e-02
  -6.64555943028663e-02  -7.31278910389592e-03   8.15088856224538e-03  -1.81108879903221e-01  -9.98649721196154e-04   4.38700877380947e-02   1.31745563941531e-01  -1.44014103136184e-02  -5.02937864225820e-02  -8.78867375990726e-02   2.13559209611781e-02   2.39363858826830e-03  -4.68665821948800e-02   4.03502453371076e-04   2.29691261263186e-03  -9.60101200902438e-03   3.58869267812408e-03
   3.49853087216233e-03  -4.30936342807891e-02   7.03893761572029e-02   9.83576012029694e-03   6.30724198939951e-02   2.07974516408672e-02   9.21150529106003e-02   2.12998251822339e-02   7.74840802130785e-04  -1.40662721969010e-02  -5.69982558935221e-02   4.67578730313282e-02  -8.33274525122965e-05  -1.21835704285117e-03   5.61402676671696e-02   1.64284377723717e-02   4.95009288552847e-02
   5.30040459107119e-02  -3.36184594682721e-02   1.49733807549127e-02   5.56791634083246e-02   7.64945368900645e-02   3.41784842298265e-03   6.07425473591303e-02   1.74664131294252e-02   2.64166979307140e-02  -1.63580328023642e-02  -4.50888941938709e-02  -4.08862717518847e-02  -1.22618775302384e-01   8.16207295463431e-04   1.10744026349131e-01  -7.88151405358378e-02   1.18682969006009e-02
  -7.04741375870166e-02   2.34967087827609e-03  -5.45724913310068e-02   1.36258407873547e-02  -9.64445130885253e-02  -2.93579602887915e-02  -6.21948162424147e-02  -5.63931260882600e-02  -5.17818966378179e-02   2.35305930274159e-02   4.25768057601775e-02   1.25259206847512e-02   4.87547787519264e-02   1.09409376400357e-03   1.06749503808433e-02  -2.17298773197644e-02  -1.66799941550070e-02
  -9.26807507550609e-02  -2.39047178519681e-02  -3.47044349772173e-02  -6.49340444668721e-02  -7.48252468678595e-02  -7.07777381884654e-03   5.66742626709308e-02  -6.16862110047657e-02  -7.37148756693689e-02  -2.43239409406690e-02   1.41737010008218e-02   8.88278168147124e-03  -7.07717313374787e-03   1.83332926964789e-03   6.27646370099945e-02  -4.78564266913745e-02   9.08007619715653e-03
  -3.84890100710777e-02  -3.22174529946746e-02   5.69824777557552e-02   3.51152541409495e-02  -4.51961159326326e-03  -6.97289407784825e-03  -3.16913545351919e-04  -5.60529246968146e-03  -2.62679622509218e-02   1.68814422412830e-02  -2.83204512117438e-02   5.74438033832957e-02   7.34207545436837e-02  -1.56439978581119e-03   3.80303600573599e-02   3.97280959519287e-02   4.61794799030046e-02
   9.72898024176481e-03  -2.14315968582441e-03  -1.25372935998023e-02   7.74784054996836e-02  -9.51755988327999e-03  -1.03865835708528e-02  -1.48243432561827e-02  -8.18874046921340e-03   5.43756870791673e-03   8.16322403221095e-03  -6.65740075716924e-03  -2.27650424708388e-02  -2.05183632307110e-02   8.42744242580736e-04   8.51703328834496e-02  -1.74591113964210e-02   2.92565293070861e-06
   5.58106885392758e-02  -3.36671740654916e-02   1.47648858017366e-02   5.57913144497122e-02   8.00241864744802e-02   3.03022298087467e-03   6.30257762184945e-02   1.90292710201591e-02   2.82648926999847e-02  -1.64580819627188e-02  -4.54227087334913e-02  -4.18886824329792e-02  -1.29887667653221e-01   7.45010241301957e-04   1.12819114270708e-01  -8.54589989325539e-02   1.16283978144252e-02
