   2.26690215050859e+00
   1.82646123826338e+00
   1.70998927413688e+00
   1.64653839520218e+00
   1.60462279233589e+00
   1.57427472875783e+00
   1.55107484927649e+00
   1.53268872444558e+00
   1.51773982759377e+00
   1.50531450503784e+00
   1.49475804335893e+00
   1.48558342078632e+00
   1.47742017755125e+00
   1.46997457427700e+00
   1.46298878434544e+00
   1.45621732361562e+00
   1.44941709324765e+00
   1.44246394988359e+00
   1.43546128227848e+00
   1.42839619407983e+00
   1.42097411736530e+00
   1.41461415828956e+00
   1.40955643606634e+00
   1.40523676267015e+00
   1.40112829388120e+00
   1.39725013492002e+00
   1.39354500187259e+00
   1.39001292634150e+00
   1.38664439138875e+00
   1.38343936551974e+00
   1.38039919578353e+00
   1.37752819835962e+00
   1.37482919840862e+00
   1.37229874899693e+00
   1.36992435258271e+00
   1.36768566747863e+00
   1.36555787604509e+00
   1.36351487591851e+00
   1.36153118180979e+00
   1.35958261615637e+00
   1.35764622214803e+00
   1.35569975752895e+00
   1.35372098313069e+00
   1.35168689685073e+00
   1.34957313371684e+00
   1.34735403044528e+00
   1.34500431345427e+00
   1.34250322707713e+00
   1.33983932562156e+00
   1.33701089142810e+00
   1.33402105048414e+00
   1.33087516359824e+00
   1.32758884185236e+00
   1.32421948213055e+00
   1.32088702646883e+00
   1.31781667273554e+00
   1.31536990328470e+00
   1.31431890799604e+00
   1.31162923352432e+00
   1.30859082169306e+00
   1.29698427322986e+00
   1.29394027108286e+00
   1.29138158090334e+00
   1.28928262410334e+00
   1.28740657716938e+00
   1.28561454313644e+00
   1.28386729704771e+00
   1.28213798763408e+00
   1.28039741313161e+00
   1.33031522696899e+00
   1.33086090095523e+00
   1.31391652955010e+00
   1.29930088142445e+00
   1.32794991664627e+00
   1.31392495739703e+00
   1.30126474370361e+00
   1.28581559332463e+00
   1.31347398453762e+00
   1.30501097828305e+00
   1.28738672873697e+00
   1.29531174265547e+00
   1.29180465032899e+00
   1.28857398421955e+00
   1.29127888746968e+00
   1.28380986438117e+00
   1.28481937634981e+00
   1.28834887004104e+00
   1.49009729209126e+00
   1.29495587018529e+00
   1.31971460849849e+00
   1.25339296322979e+00
   1.27934349384185e+00
   1.24628482606731e+00
   1.31322308649268e+00
   1.24504291552636e+00
   1.25964309597748e+00
   1.24476061340897e+00
   1.24263135974745e+00
   1.24093356269429e+00
   1.23952643796237e+00
   1.23797593101653e+00
   1.23612726249401e+00
   1.23371413478254e+00
   1.24560495634956e+00
   1.28490100610161e+00
   1.23075462707596e+00
   1.30210905020117e+00
   1.26086449850543e+00
   1.28845257712762e+00
   1.24659906931279e+00
   1.24225543225487e+00
   1.23940008764010e+00
   1.26482057119363e+00
   1.23858094904992e+00
   1.23755804512027e+00
   1.25150435871219e+00
   1.25080785746807e+00
   1.24900215261101e+00
   1.27393654373597e+00
   1.25006475374636e+00
   1.23611330568924e+00
   1.27559014667152e+00
   1.23536814022439e+00
   1.25496654372082e+00
   1.28790508094396e+00
   1.24077310979485e+00
   1.23664755511899e+00
   1.27197887175124e+00
   1.25123943511261e+00
   1.25310245864141e+00
   1.28846761391789e+00
   1.23744942402275e+00
   1.29217443890636e+00
   1.27365942681343e+00
   1.34208698288891e+00
   1.25749150058800e+00
   1.27506407470229e+00
   1.27777327270394e+00
   1.25411656711967e+00
   1.27293284462194e+00
   1.30496218266751e+00
   1.25757637793438e+00
   1.27546747721939e+00
   1.30471612464829e+00
   1.27006247399054e+00
   1.27991655077639e+00
   1.32269962275330e+00
   1.31131859414175e+00
   1.30448682431345e+00
   1.27384445630353e+00
   1.27523699339703e+00
   1.26029568927214e+00
   1.25634307610173e+00
   1.28479592652353e+00
   1.25303372475084e+00
   1.28316433768521e+00
   1.26911121607427e+00
   1.26135359732582e+00
   1.24961272627608e+00
   1.28027403849746e+00
   1.27198001040456e+00
   1.26033325407388e+00
   1.24451706395562e+00
   1.27303844460350e+00
   1.26150677008133e+00
   1.24160885686437e+00
   1.25692555886929e+00
   1.23874926729890e+00
   1.25722036034777e+00
   1.23693785017882e+00
   1.24368628625729e+00
   1.30279844569863e+00
   1.25587172385116e+00
   1.28498989727550e+00
   1.25303805796462e+00
   1.29184351857326e+00
   1.25772054313416e+00
   1.28733003141899e+00
   1.27465803161903e+00
   1.25566725079998e+00
   1.27262053511009e+00
   1.25346852593133e+00
   1.25568588768298e+00
   1.30516731980046e+00
   1.30664536932551e+00
   1.29471489204142e+00
   1.24617290143582e+00
   1.27790186056664e+00
   1.24370400056205e+00
   1.27790857902800e+00
   1.24220002461055e+00
   1.27254870076826e+00
   1.23969139495072e+00
   1.23789620781425e+00
   1.27988595857386e+00
   1.27091028641606e+00
   1.23738195101624e+00
   1.25055115429919e+00
   1.27278193220096e+00
   1.24894221233264e+00
   1.24826460808039e+00
   1.28069499108490e+00
   1.29797787963594e+00
   1.23979596764186e+00
   1.26201299675337e+00
   1.29570027236729e+00
   1.31252493216225e+00
   1.25873204016493e+00
   1.30111543894535e+00
   1.26391379378583e+00
   1.30153334322364e+00
   1.24008244097128e+00
   1.24016838082155e+00
   1.26367472064562e+00
   1.28909902645918e+00
   1.23509261972884e+00
   1.25580404358608e+00
   1.23318526932332e+00
   1.23150163122937e+00
   1.22988682895091e+00
   1.24502083482313e+00
   1.26808687521429e+00
   1.24892822013523e+00
   1.24865807372892e+00
   1.23783011923484e+00
   1.24378779569423e+00
   1.24319052805001e+00
   1.25816674465263e+00
   1.26304846935835e+00
   1.25225617617162e+00
   1.23302015785579e+00
   1.25586589919787e+00
   1.27171946129430e+00
   1.28031770377846e+00
   1.22970980271445e+00
   1.25811931226075e+00
   1.22924589567549e+00
   1.25135848118103e+00
   1.22845230603845e+00
   1.24631072731622e+00
   1.22692359624923e+00
   1.24820879577354e+00
   1.22648463576215e+00
   1.24395614885116e+00
   1.22525856568685e+00
   1.25998510101345e+00
   1.22477935851995e+00
   1.25842299773758e+00
   1.22419664945507e+00
   1.25865806265113e+00
   1.22370654137350e+00
   1.25632404742341e+00
   1.22312044686788e+00
   1.25781404683074e+00
   1.22269943655763e+00
   1.25426754518406e+00
   1.23696612981315e+00
   1.25328335245171e+00
   1.23649113056808e+00
   1.23716935278805e+00
   1.25432147918419e+00
   1.23581715563940e+00
   1.25168620813400e+00
   1.29263641400452e+00
   1.24784326063977e+00
   1.22911439017651e+00
   1.26275791052936e+00
   1.24036112820473e+00
   1.25920482034323e+00
   1.29202926712025e+00
   1.29000341808218e+00
   1.22585272757904e+00
   1.28524568024792e+00
   1.29737715495940e+00
   1.26682013729622e+00
   1.25483274054036e+00
   1.22533170243361e+00
   1.26812314921031e+00
   1.22527021122704e+00
   1.26735936152507e+00
   1.22487399202670e+00
   1.25931072106199e+00
   1.22392437099811e+00
   1.23896537697265e+00
   1.25560629817279e+00
   1.22250927358697e+00
   1.22157960902672e+00
   1.25456027062335e+00
   1.23544486808996e+00
   1.23439361089067e+00
   1.23375685744188e+00
   1.23306800662510e+00
   1.23244574045229e+00
   1.23183980377210e+00
   1.23126175491528e+00
   1.23070515679690e+00
   1.23016881877177e+00
   1.22965057405696e+00
   1.22914873311316e+00
   1.22866176087261e+00
   1.22818831328197e+00
   1.22772720907247e+00
   1.22727741385712e+00
   1.22683802562619e+00
   1.22640826229966e+00
   1.22598745028791e+00
   1.22557501277927e+00
   1.22517045836743e+00
   1.24714161402789e+00
   1.24700302523293e+00
   1.24685394991810e+00
   1.26286614458309e+00
   1.26286767842570e+00
   1.26268929435302e+00
   1.26247378977146e+00
   1.26218007002865e+00
   1.26157252919759e+00
   1.26056230008228e+00
   1.26030956524872e+00
   1.25998992074727e+00
   1.25980096634155e+00
   1.25957570681648e+00
   1.25934152335272e+00
   1.25909473237492e+00
   1.25885069642372e+00
   1.25862612653386e+00
   1.25840711553431e+00
   1.25818712477185e+00
   1.25796460510651e+00
   1.25773928549871e+00
   1.25751148845472e+00
   1.25728158874512e+00
   1.25704968799466e+00
   1.25681573912713e+00
   1.25657963918380e+00
   1.25634126052920e+00
   1.25610046927573e+00
   1.25585708945893e+00
   1.25561095932465e+00
   1.25536170982878e+00
   1.25510954482351e+00
   1.25485125097874e+00
   1.25460492394888e+00
   1.25476863131846e+00
   1.33117066640031e+00
   1.27483535650097e+00
   1.25900531740959e+00
   1.41126010372943e+00
   1.30275583325414e+00
   1.30853488417522e+00
   1.27529920215197e+00
   1.29842739438978e+00
   1.31718633006988e+00
   1.28863984815351e+00
   1.30309384255476e+00
   1.25951076756355e+00
   1.27827289696247e+00
   1.29556965862053e+00
   1.30179063414679e+00
   1.34891513548087e+00
   1.28601845561343e+00
   1.26547952793544e+00
   1.26541534350736e+00
   1.26311633857112e+00
   1.26150119646080e+00
   1.27649285102754e+00
   1.27334353977754e+00
   1.27210141831975e+00
   1.28872235654039e+00
   1.26077238622515e+00
   1.27238116062945e+00
   1.30364741124034e+00
   1.30724481393192e+00
   1.29902556246326e+00
   1.26411569048464e+00
   1.26140048522203e+00
   1.28204797936477e+00
   1.25022187335377e+00
   1.25952888040889e+00
   1.25981685552540e+00
   1.26988306993832e+00
   1.26860921877816e+00
   1.26837990595401e+00
   1.26724705864242e+00
   1.26652597048982e+00
   1.26613577263752e+00
   1.26504664993088e+00
   1.26492254820264e+00
   1.30098949808770e+00
   1.30544526232933e+00
   1.29460815970113e+00
   1.27822288545856e+00
   1.29330455820449e+00
   1.31080984329616e+00
   1.30472871743527e+00
   1.31929795627811e+00
   1.26557898305773e+00
   1.26942989608978e+00
   1.26338453816175e+00
   1.26091185469638e+00
   1.30440650151571e+00
   1.27941957560113e+00
   1.27641332315679e+00
   1.26930249445785e+00
   1.26501203409422e+00
   1.26223526930937e+00
   1.29008829373943e+00
   1.26167187641494e+00
   1.31407165767909e+00
   1.27536402340811e+00
   1.25694297080403e+00
   1.28933226021717e+00
   1.26110627902523e+00
   1.25489853922567e+00
   1.24649226224470e+00
   1.24112588312385e+00
   1.24200088690771e+00
   1.25235416817285e+00
   1.24703216053362e+00
   1.23734516704272e+00
   1.25286752691567e+00
   1.25043919679557e+00
   1.25023580090561e+00
   1.24305730109602e+00
   1.26100763221086e+00
   1.24260409035075e+00
   1.26194950060847e+00
   1.26418830822651e+00
   1.24959855074732e+00
   1.26770003536806e+00
   1.24952007895583e+00
   1.29526278817430e+00
   1.25282868857708e+00
   1.25202344855937e+00
   1.26511429340834e+00
   1.24892490938935e+00
   1.25289115454017e+00
   1.26338798185522e+00
   1.24870865086767e+00
   1.26271007132395e+00
   1.24816510035188e+00
   1.24616234641825e+00
   1.28333588063018e+00
   1.26139725778289e+00
   1.24534665743226e+00
   1.29528224179183e+00
   1.26165134383867e+00
   1.24580121529933e+00
   1.24441584455538e+00
   1.29443996703102e+00
   1.24431615292649e+00
   1.26721223835296e+00
   1.26042300154416e+00
   1.24170616539994e+00
   1.25290850299512e+00
   1.24895805346782e+00
   1.24186789736590e+00
   1.24685114349675e+00
   1.24313543298961e+00
   1.24370130385039e+00
   1.27599661293425e+00
   1.26003706742405e+00
   1.25597554735555e+00
   1.22784960924851e+00
   1.23057147932823e+00
   1.26942176968473e+00
   1.26291663421901e+00
   1.26457645168014e+00
   1.25865111296770e+00
   1.26800346954525e+00
   1.25275472836709e+00
   1.24683698239507e+00
   1.23576564968367e+00
   1.24921664969553e+00
   1.23693432231539e+00
   1.22786903999307e+00
   1.21027610023263e+00
   1.23054127281736e+00
   1.20881265782318e+00
   1.23178476826491e+00
   1.20607354129796e+00
   1.21704619643800e+00
   1.22309511776427e+00
   1.25737241327557e+00
   1.23725639773916e+00
   1.22162390741841e+00
   1.21558896994782e+00
   1.22728345145351e+00
   1.20829457318008e+00
   1.20563191318544e+00
   1.20315951682334e+00
   1.20149034769385e+00
   1.19957545590317e+00
   1.19827786076757e+00
   1.19671124397010e+00
   1.19545480887805e+00
   1.19683621786448e+00
   1.22490333558559e+00
   1.23829943652211e+00
   1.21767118205758e+00
   1.21883655410574e+00
   1.19809713763583e+00
   1.19579973741378e+00
   1.19456135993982e+00
   1.19283689125291e+00
   1.19166275065135e+00
   1.19020192834495e+00
   1.20553912825152e+00
   1.18968222205932e+00
   1.18786883077601e+00
   1.18690433772529e+00
   1.20275586228728e+00
   1.20934736348764e+00
   1.22821864837783e+00
   1.19042786932300e+00
   1.18696763201329e+00
   1.18627992760042e+00
   1.20007938314864e+00
   1.20158109702311e+00
   1.18287276404694e+00
   1.18200633150915e+00
   1.18125901334390e+00
   1.18028533253614e+00
   1.21412070856074e+00
   1.19953039196935e+00
   1.19786732614566e+00
   1.20507506024304e+00
   1.23014416706659e+00
   1.21622234958880e+00
   1.19596740465337e+00
   1.19475200271368e+00
   1.19415801547630e+00
   1.19312905353737e+00
   1.19189010459333e+00
   1.19112903556193e+00
   1.19214259253866e+00
   1.18996877703854e+00
   1.18913102988977e+00
   1.18816567084175e+00
   1.18698382020029e+00
   1.18628415287715e+00
   1.18526784213052e+00
   1.18446451225411e+00
   1.18356792717897e+00
   1.18280118500763e+00
   1.18195109666953e+00
   1.18123660375756e+00
   1.18041907274016e+00
   1.17966089016972e+00
   1.17905802680113e+00
   1.17821485774475e+00
   1.17753851767993e+00
   1.17675900561506e+00
   1.17608451398071e+00
   1.20874916607465e+00
   1.19592944660585e+00
   1.23608741862395e+00
   1.19903667600472e+00
   1.20733559742974e+00
   1.19329029239472e+00
   1.19648591286443e+00
   1.18093223946032e+00
   1.19609347470263e+00
   1.20268982448998e+00
   1.19001483462059e+00
   1.20257515135157e+00
   1.19775781715545e+00
   1.19601356809597e+00
   1.17792505171595e+00
   1.17762448327747e+00
   1.17959096275982e+00
   1.17266322399688e+00
   1.17349613895427e+00
   1.18349895316667e+00
   1.17554793202520e+00
   1.17314597738166e+00
   1.17996323663598e+00
   1.19014200859209e+00
   1.16986280816862e+00
   1.17231654196249e+00
   1.16776831777917e+00
   1.16634628044426e+00
   1.16521908758259e+00
   1.16442414331507e+00
   1.16471171412691e+00
   1.17755466402076e+00
   1.16308864738556e+00
   1.17647101635580e+00
   1.16182825966279e+00
   1.17006439369995e+00
   1.16455486848189e+00
   1.18255888699464e+00
   1.17505442560345e+00
   1.17410497600671e+00
   1.17355208494440e+00
   1.17295769808222e+00
   1.17231806917206e+00
   1.17216431570953e+00
   1.17149906097464e+00
   1.17093708790524e+00
   1.17239851078943e+00
   1.17003577207327e+00
   1.17025397663915e+00
   1.16990986902375e+00
   1.17398038716103e+00
   1.16870301766732e+00
   1.16818560400396e+00
   1.16751654649322e+00
   1.17476856191768e+00
   1.16700356345831e+00
   1.16662268458438e+00
   1.16634742736074e+00
   1.16582390279118e+00
   1.16527706088797e+00
   1.16485007940449e+00
   1.16426969672024e+00
   1.16554132426548e+00
   1.16370846990189e+00
   1.16324272044702e+00
   1.16272749894996e+00
   1.16267708576994e+00
   1.17574824475153e+00
   1.17531368260805e+00
   1.27102106174848e+00
   1.17909072023495e+00
   1.24773014413390e+00
   1.19553557024442e+00
   1.22761616469194e+00
   1.22053319703635e+00
   1.18481743212911e+00
   1.20520218790233e+00
   1.17573498507041e+00
   1.21262610498452e+00
   1.22451421279486e+00
   1.18511367063812e+00
   1.20100812144876e+00
   1.15974956599495e+00
   1.19261306621061e+00
   1.24710118292362e+00
   1.19011053452831e+00
   1.20395039854615e+00
   1.17838614051570e+00
   1.20084538630345e+00
   1.18671809404412e+00
   1.16018742235972e+00
   1.19661852582720e+00
   1.18932938152371e+00
   1.17272539409296e+00
   1.16094877612260e+00
   1.16955020092139e+00
   1.18899879641411e+00
   1.15925586075174e+00
   1.18152221832198e+00
   1.16205679863963e+00
   1.18433833282280e+00
   1.16187400565473e+00
   1.16108803565484e+00
   1.16023522740908e+00
   1.15927484635534e+00
   1.15825796274317e+00
   1.16311183759075e+00
   1.16241109627004e+00
   1.18538306017789e+00
   1.17372890995038e+00
   1.21283607131803e+00
   1.17251641798192e+00
   1.17753765302747e+00
   1.15608962020326e+00
   1.15850453953148e+00
   1.17134622253969e+00
   1.15204155750718e+00
   1.15342433516765e+00
   1.15199494629433e+00
   1.15059649418841e+00
   1.15007625521480e+00
   1.14928932261991e+00
   1.14911223017218e+00
   1.14749589602575e+00
   1.16229384384360e+00
   1.18950555777696e+00
   1.16385926398846e+00
   1.15036705278153e+00
   1.16057604246464e+00
   1.14847408804999e+00
   1.14929507301759e+00
   1.16019889144568e+00
   1.14708358360686e+00
   1.14823395664260e+00
   1.16682295943685e+00
   1.14913675235882e+00
   1.18394727222507e+00
   1.14877954095545e+00
   1.17530148549141e+00
   1.13638865136291e+00
   1.14262407825020e+00
   1.12073695878836e+00
   1.14442711842518e+00
   1.14371466428619e+00
   1.12929826595857e+00
   1.12920609826523e+00
   1.12400465744755e+00
   1.13778342722989e+00
   1.13785896965745e+00
   1.13713388561701e+00
   1.13662494182931e+00
   1.12155497689884e+00
   1.13581750578030e+00
   1.13507927773054e+00
   1.13457171563605e+00
   1.15121943496721e+00
   1.13443969036820e+00
   1.13342263796610e+00
   1.13262743417232e+00
   1.13201835266292e+00
   1.19059246321259e+00
   1.13308394436472e+00
   1.12729256060693e+00
   1.16242899107986e+00
   1.21269229768483e+00
   1.16652519182483e+00
   1.19679473407470e+00
   1.21961850695301e+00
   1.15625058822113e+00
   1.15078347963234e+00
   1.19576502068688e+00
   1.15581413906640e+00
   1.19203734273444e+00
   1.12939674175797e+00
   1.17143731703011e+00
   1.16337437461665e+00
   1.15836074614621e+00
   1.15573771714195e+00
   1.18945279814882e+00
   1.11950504885142e+00
   1.14882381346979e+00
   1.17637672188161e+00
   1.13113083987135e+00
   1.15177923572359e+00
   1.11475182272940e+00
   1.15637723128902e+00
   1.12121639940317e+00
   1.12039522891685e+00
   1.11508087205393e+00
   1.11837496160359e+00
   1.17457484187230e+00
   1.15705189682614e+00
   1.17544642236197e+00
   1.13693680778128e+00
   1.14055356667311e+00
   1.15262917371420e+00
   1.15944092607202e+00
   1.15546090139272e+00
   1.10539859816802e+00
   1.14524414858808e+00
   1.12133416730588e+00
   1.13667466099314e+00
   1.10420956877613e+00
   1.11815661286598e+00
   1.13459493493832e+00
   1.12123899446243e+00
   1.10250750337058e+00
   1.13450348038623e+00
   1.13649329985929e+00
   1.11285934763546e+00
   1.13658721082690e+00
   1.11539577611407e+00
   1.13411103533808e+00
   1.17856684146654e+00
   1.14189706641667e+00
   1.09650126320456e+00
   1.14452870161962e+00
   1.13751468984746e+00
   1.08783229218431e+00
   1.08162769545856e+00
   1.09116794814887e+00
   1.09062036325777e+00
   1.08734429989536e+00
   1.08756760492344e+00
   1.08475318585036e+00
   1.08298684521547e+00
   1.08304120763574e+00
   1.09003417128967e+00
   1.09473448749378e+00
   1.08341199483972e+00
   1.07936866256513e+00
   1.07536464380020e+00
   1.08505843900058e+00
   1.11003890527189e+00
   1.07545919143937e+00
   1.12398379102770e+00
   1.16325417540609e+00
   1.11655274885241e+00
   1.15712710463349e+00
   1.09365490664530e+00
   1.12137130150916e+00
   1.11406371563614e+00
   1.12987233019401e+00
   1.11647834667788e+00
   1.07880592957924e+00
   1.09766121076661e+00
   1.11666127862372e+00
   1.07858518286431e+00
   1.07644646101612e+00
   1.13087095432700e+00
   1.10527621052340e+00
   1.12677452276139e+00
   1.10996561509147e+00
   1.08573541007492e+00
   1.09992038082552e+00
   1.10968859153690e+00
   1.09945094967752e+00
   1.08085291787555e+00
   1.07567858875237e+00
   1.05843236042892e+00
   1.08534277919586e+00
   1.06999034882252e+00
   1.06903447156152e+00
   1.05389031538470e+00
   1.05994423723175e+00
   1.08085681436008e+00
   1.05533077355198e+00
   1.06997749898319e+00
   1.10077499923896e+00
   1.05167748253880e+00
   1.04673236220024e+00
   1.08417843497396e+00
   1.10486523808443e+00
   1.10304145371642e+00
   1.04952472718859e+00
   1.05514469040604e+00
   1.04670387358689e+00
   1.04454635037241e+00
   1.12996463347454e+00
   1.13279969548967e+00
   1.06013899686886e+00
   1.06735389467538e+00
   1.10182951860669e+00
   1.13177742392757e+00
   1.05737642234911e+00
   1.04382811814461e+00
   1.04047783144093e+00
   1.03729073617403e+00
   1.03854413920947e+00
   1.03311019597360e+00
   1.05785527013072e+00
   1.04423146130636e+00
   1.03471633083012e+00
   1.03129852981623e+00
   1.03747769578073e+00
   1.03116661809824e+00
   1.03085827338975e+00
   1.02828958611510e+00
   1.13189592349920e+00
   1.06075679665694e+00
   1.04710955161015e+00
   1.03512003381225e+00
   1.03027051138031e+00
   1.03121056966466e+00
   1.05728161066348e+00
   1.08979318358415e+00
   1.05612694289652e+00
   1.03463719649783e+00
   1.05790233519754e+00
   1.04147443618462e+00
   1.03436917668909e+00
   1.02796245415205e+00
   1.05710765366503e+00
   1.04496643042926e+00
   1.02781069164849e+00
   1.04627551880374e+00
   1.04349118052147e+00
   1.03656741741374e+00
   1.03784381746415e+00
   1.05290410251989e+00
   1.04614754694031e+00
   1.03561544585450e+00
   1.09274021533724e+00
   1.06827699485968e+00
   1.04690304721077e+00
   1.03855043636763e+00
   1.05171348079809e+00
   1.02437334232827e+00
   1.09258262081644e+00
   1.05236070951764e+00
   1.03326695817733e+00
   1.03712189939987e+00
   1.03728506089481e+00
   1.03737499538219e+00
   1.02105984587387e+00
   1.02939369627138e+00
   1.02585553700066e+00
   1.03993013809086e+00
   1.02608074918361e+00
   1.02988773413955e+00
   1.02964634712254e+00
   1.03874729874002e+00
   1.04336874928184e+00
   1.01746087816581e+00
   1.02547549344350e+00
   1.09835663323451e+00
   1.02324820719375e+00
   1.02771536831535e+00
   1.05973688860940e+00
   1.06573587122054e+00
   1.03798871035299e+00
   1.02160632960403e+00
   1.02442228525578e+00
   1.01765473749013e+00
   1.04659572776212e+00
   1.11741909361538e+00
   1.03760208367776e+00
   1.03302440596973e+00
   1.02815267611941e+00
   1.01848187518826e+00
   1.02042092724893e+00
   1.03616162457361e+00
   1.01274322757594e+00
   1.01046096055751e+00
   1.01570770338699e+00
   1.02573747709706e+00
   1.01968697853463e+00
   1.01520502992621e+00
   1.07101779008431e+00
   1.03673979332538e+00
   1.03970751023981e+00
   1.02289925398957e+00
   1.01958244038311e+00
   1.02827358302209e+00
   1.02139578170604e+00
   1.03337248123752e+00
   1.02742144898920e+00
   1.02235185539352e+00
   1.01772783235304e+00
   1.01598479109084e+00
   1.01562311079822e+00
   1.01498220900368e+00
   1.01729768297876e+00
   1.00935013663524e+00
   1.02831199387553e+00
   1.01432901656629e+00
   1.01374829886451e+00
   1.00618072440934e+00
   1.00420376706125e+00
   1.00654986920956e+00
   1.00019788561368e+00
   1.00188549329253e+00
   1.00844691687965e+00
   9.99388128686995e-01
   1.00879692928848e+00
   1.00043281318899e+00
   9.99799889812562e-01
   1.00314888301183e+00
   1.00947887060160e+00
   1.00123571074985e+00
   1.00185513012476e+00
   1.00613557905227e+00
   9.98749551004620e-01
   9.95693803282830e-01
   9.93732322740485e-01
   9.92725210481968e-01
   9.97255516663345e-01
   9.91175861183022e-01
   1.01285000878417e+00
   1.04506886485576e+00
   1.00127843434415e+00
   9.96697609787445e-01
   1.00236594374068e+00
   9.91760806107511e-01
   9.89547356963159e-01
   9.87288498303445e-01
   9.96372203364310e-01
   1.00515620993680e+00
   1.00270629828541e+00
   9.89929133126412e-01
   1.01984616069613e+00
   9.92182470469001e-01
   9.88988907552198e-01
   9.85176695667933e-01
   9.85061668240658e-01
   9.99137504213545e-01
   9.84992315344406e-01
   9.82791888161117e-01
   9.82146236492425e-01
   9.85314944811861e-01
   9.89768686920088e-01
   9.82124291003277e-01
   9.83628040493140e-01
   1.02133361570364e+00
   9.90169383135669e-01
   9.97224361147005e-01
   9.99883954665448e-01
   1.02516705945927e+00
   9.93596849941987e-01
   9.90329216810709e-01
   9.91610013684162e-01
   9.90332362845192e-01
   9.89677171398817e-01
   9.99092542326177e-01
   9.91720415190613e-01
   9.87764156478061e-01
   9.94487487053907e-01
